2
15
28
30
33
35
42
47
49
88
114
140
146
159
166
168
189
191
201
215
222
222
224
264
276
311
336
348
362
382
391
399
407
417
424
429
436
439
453
458
458
458
461
495
498
500
528
534
577
599
614
650
662
677
681
697
703
721
731
740
757
758
781
798
804
811
813
836
840
880
884
885
920
920
936
942
962
974
985
992
993
994
997
999
1014
1020
1031
1044
1047
1065
1072
1083
1084
1108
1121
1121
1126
1127
1128
1132
1132
1134
1146
1160
1162
1178
1180
1184
1189
1198
1213
1221
1228
1259
1259
1272
1283
1296
1299
1313
1329
1345
1349
1382
1386
1387
1395
1406
1407
1408
1409
1422
1423
1425
1446
1459
1464
1469
1474
1487
1492
1509
1535
1540
1552
1557
1585
1590
1592
1595
1613
1619
1619
1632
1642
1646
1657
1673
1676
1687
1687
1709
1719
1727
1739
1760
1761
1766
1769
1785
1794
1797
1802
1807
1811
1811
1820
1837
1856
1857
1863
1868
1880
1881
1884
1887
1888
1897
1899
1924
1931
1932
1941
1958
1959
1990
2003
2037
2042
2049
2051
2108
2141
2142
2154
2157
2185
2192
2199
2200
2201
2220
2229
2233
2234
2235
2258
2263
2271
2276
2281
2289
2297
2308
2313
2317
2328
2331
2336
2337
2342
2348
2393
2400
2400
2415
2425
2426
2432
2436
2455
2483
2491
2494
2518
2533
2540
2554
2556
2556
2558
2559
2561
2562
2569
2578
2600
2607
2608
2612
2618
2623
2643
2654
2657
2662
2668
2671
2682
2683
2697
2714
2716
2732
2782
2794
2799
2807
2837
2838
2860
2865
2867
2870
2872
2888
2890
2901
2901
2905
2906
2910
2934
2981
2991
3010
3024
3024
3028
3046
3053
3054
3055
3081
3085
3108
3117
3123
3130
3136
3142
3147
3150
3171
3174
3189
3197
3197
3202
3208
3210
3218
3236
3286
3306
3312
3317
3321
3344
3362
3373
3375
3375
3400
3404
3437
3449
3459
3461
3464
3500
3508
3530
3533
3537
3560
3592
3593
3597
3605
3607
3616
3620
3644
3674
3682
3691
3718
3726
3731
3743
3750
3768
3783
3801
3805
3814
3825
3826
3830
3848
3853
3854
3875
3876
3917
3929
3930
3939
3940
3945
3948
3962
3983
3987
4002
4019
4020
4047
4056
4061
4063
4098
4107
4111
4114
4123
4131
4136
4138
4147
4161
4165
4175
4185
4193
4193
4220
4232
4241
4247
4287
4294
4295
4299
4307
4311
4316
4323
4336
4345
4386
4391
4396
4399
4402
4426
4431
4435
4449
4462
4470
4475
4492
4494
4496
4509
4510
4523
4540
4554
4570
4572
4589
4593
4599
4616
4622
4638
4640
4645
4660
4671
4715
4715
4725
4744
4745
4754
4769
4779
4781
4786
4786
4798
4804
4835
4839
4842
4843
4843
4846
4857
4859
4866
4867
4871
4890
4891
4901
4911
4915
4925
4940
4962
4963
4974
4979
4980
4992
4998
5019
5029
5033
5035
5039
5049
5052
5057
5061
5086
5092
5100
5111
5114
5115
5133
5134
5135
5147
5153
5161
5175
5186
5194
5196
5210
5230
5233
5237
5260
5271
5276
5277
5286
5290
5298
5326
5351
5373
5387
5394
5395
5400
5405
5425
5446
5474
5491
5499
5521
5522
5523
5528
5530
5541
5589
5597
5619
5624
5653
5661
5668
5694
5706
5706
5709
5717
5721
5740
5750
5768
5772
5776
5777
5799
5802
5803
5806
5819
5829
5831
5841
5847
5879
5885
5887
5887
5904
5907
5911
5926
5943
5954
5957
5957
5961
5971
5975
6011
6039
6054
6062
6066
6102
6102
6125
6134
6143
6159
6209
6211
6213
6237
6247
6249
6249
6252
6253
6290
6291
6298
6306
6316
6321
6330
6335
6355
6363
6372
6383
6387
6397
6415
6415
6423
6425
6444
6449
6452
6466
6484
6485
6489
6493
6528
6553
6572
6588
6589
6592
6629
6630
6642
6652
6659
6692
6709
6709
6743
6754
6769
6770
6782
6789
6800
6809
6813
6815
6815
6819
6833
6834
6846
6847
6852
6856
6857
6857
6867
6869
6914
6924
6937
6946
6947
6954
6955
6967
6992
7001
7004
7026
7031
7041
7042
7061
7069
7079
7080
7087
7088
7089
7095
7103
7129
7132
7145
7148
7151
7156
7160
7163
7178
7197
7202
7209
7215
7236
7237
7238
7252
7257
7259
7265
7271
7286
7292
7294
7303
7307
7320
7323
7330
7347
7350
7372
7386
7386
7400
7432
7433
7449
7449
7454
7456
7462
7462
7466
7468
7472
7495
7500
7507
7513
7516
7523
7552
7554
7558
7559
7575
7607
7608
7683
7689
7690
7696
7716
7716
7719
7747
7749
7805
7819
7865
7894
7900
7917
7930
7944
7950
7954
7967
7987
8003
8035
8035
8055
8056
8067
8078
8097
8101
8104
8106
8110
8145
8172
8193
8198
8198
8202
8203
8211
8222
8248
8273
8274
8274
8277
8280
8282
8282
8345
8349
8361
8362
8393
8412
8435
8436
8440
8440
8441
8445
8455
8461
8471
8480
8496
8529
8530
8533
8538
8541
8543
8548
8548
8568
8573
8583
8584
8618
8635
8661
8664
8678
8683
8691
8694
8697
8703
8730
8735
8736
8744
8753
8754
8770
8775
8778
8822
8822
8848
8889
8924
8946
8949
8949
8950
8957
8961
8983
8988
9003
9033
9043
9053
9057
9090
9093
9098
9101
9109
9131
9149
9150
9153
9154
9160
9167
9179
9189
9233
9234
9241
9254
9269
9279
9294
9297
9302
9330
9330
9352
9352
9354
9360
9369
9395
9423
9446
9448
9451
9485
9496
9509
9524
9531
9541
9549
9553
9556
9579
9579
9593
9601
9604
9605
9612
9613
9618
9632
9653
9665
9688
9701
9706
9720
9729
9730
9738
9742
9762
9772
9779
9782
9814
9835
9842
9854
9868
9878
9883
9885
9896
9902
9908
9913
9950
9953
9959
9970
9977
9997
9997
9999
10009
10016
10021
10038
10042
10061
10066
10069
10069
10091
10097
10101
10102
10112
10128
10131
10133
10158
10160
10163
10169
10190
10202
10205
10229
10268
10271
10283
10313
10323
10330
10344
10345
10346
10355
10361
10365
10371
10374
10377
10387
10388
10394
10394
10414
10416
10419
10421
10428
10440
10444
10458
10500
10506
10509
10523
10524
10528
10529
10535
10538
10553
10558
10595
10601
10602
10605
10612
10614
10623
10635
10640
10650
10666
10679
10690
10701
10705
10725
10744
10774
10804
10810
10814
10815
10819
10824
10833
10843
10849
10867
10871
10879
10886
10888
10889
10892
10917
10937
10939
10940
10942
10950
10984
10992
10999
11021
11026
11036
11045
11050
11054
11058
11058
11059
11067
11068
11075
11094
11096
11106
11130
11140
11153
11155
11185
11188
11191
11193
11197
11215
11232
11249
11256
11302
11320
11336
11343
11343
11348
11349
11351
11356
11361
11370
11392
11393
11397
11405
11406
11418
11423
11429
11454
11465
11486
11502
11505
11514
11533
11533
11539
11547
11549
11561
11572
11636
11639
11660
11666
11671
11673
11674
11696
11697
11706
11711
11754
11755
11760
11789
11796
11796
11802
11803
11806
11827
11833
11836
11851
11870
11872
11918
11918
11931
11934
11940
11950
11954
11962
11975
11977
11995
12006
12007
12053
12054
12087
12087
12102
12105
12130
12132
12133
12133
12155
12161
12175
12187
12191
12192
12217
12226
12232
12237
12253
12268
12275
12324
12328
12353
12391
12393
12403
12413
12418
12425
12463
12480
12491
12494
12512
12520
12526
12558
12560
12560
12593
12604
12604
12611
12622
12636
12648
12682
12691
12708
12727
12732
12735
12752
12753
12781
12788
12793
12797
12801
12802
12817
12826
12831
12836
12841
12852
12856
12857
12861
12872
12881
12892
12894
12906
12912
12923
12923
12924
12939
12943
12954
12959
12973
13002
13003
13009
13017
13022
13030
13047
13048
13059
13096
13102
13138
13156
13164
13167
13172
13178
13178
13185
13191
13193
13198
13210
13214
13245
13262
13289
13301
13309
13310
13321
13330
13332
13344
13362
13365
13376
13383
13392
13407
13468
13470
13488
13496
13502
13551
13555
13567
13572
13577
13581
13595
13609
13619
13623
13633
13642
13644
13658
13676
13691
13692
13693
13694
13697
13708
13710
13713
13715
13722
13728
13734
13746
13746
13754
13763
13765
13772
13776
13777
13778
13788
13791
13814
13827
13844
13846
13862
13867
13869
13874
13874
13882
13908
13910
13913
13917
13927
13939
13951
13956
13966
13971
13973
13979
13981
13999
14013
14039
14044
14046
14051
14092
14109
14114
14141
14144
14202
14210
14225
14255
14268
14281
14287
14296
14317
14325
14329
14329
14335
14341
14362
14377
14377
14380
14406
14413
14413
14452
14454
14462
14468
14496
14499
14519
14545
14555
14558
14565
14576
14602
14613
14617
14623
14632
14636
14636
14647
14700
14705
14707
14740
14748
14748
14773
14781
14794
14795
14814
14818
14820
14823
14823
14827
14828
14835
14839
14849
14854
14878
14900
14902
14905
14908
14921
14926
14930
14949
14951
14974
14982
14983
14991
14994
15004
15006
15007
15012
15039
15050
15056
15065
15075
15080
15087
15088
15149
15159
15162
15163
15168
15177
15180
15180
15192
15206
15207
15208
15221
15222
15233
15239
15244
15251
15272
15272
15278
15317
15326
15331
15360
15363
15364
15369
15371
15376
15377
15382
15391
15404
15407
15415
15419
15425
15425
15441
15452
15460
15461
15472
15482
15487
15493
15499
15509
15519
15522
15538
15539
15572
15578
15586
15587
15588
15612
15615
15627
15635
15642
15650
15653
15659
15673
15674
15678
15679
15685
15696
15703
15716
15722
15727
15733
15741
15746
15748
15752
15771
15774
15775
15779
15782
15782
15789
15791
15792
15802
15805
15809
15812
15822
15832
15845
15852
15854
15861
15875
15881
15884
15891
15898
15902
15906
15907
15912
15946
15948
15949
15969
15990
15995
15996
16002
16045
16049
16053
16062
16065
16090
16099
16108
16132
16138
16139
16147
16152
16158
16162
16166
16171
16182
16186
16190
16216
16236
16238
16247
16248
16266
16268
16281
16284
16285
16289
16291
16308
16338
16356
16360
16363
16375
16381
16386
16399
16408
16411
16413
16439
16448
16451
16456
16510
16530
16531
16540
16541
16541
16562
16570
16575
16581
16581
16582
16585
16593
16607
16628
16647
16650
16661
16674
16677
16679
16681
16699
16707
16743
16746
16760
16766
16778
16808
16811
16841
16849
16851
16853
16853
16864
16879
16882
16901
16910
16919
16922
16936
16941
16944
16947
16947
16967
16971
16973
16990
17007
17012
17013
17015
17016
17020
17022
17029
17041
17050
17071
17080
17082
17089
17100
17121
17134
17136
17156
17168
17171
17172
17172
17179
17192
17207
17250
17301
17308
17310
17311
17316
17352
17354
17388
17394
17396
17407
17425
17459
17473
17477
17477
17483
17490
17494
17498
17503
17506
17521
17533
17543
17552
17562
17577
17583
17584
17607
17609
17612
17615
17622
17638
17645
17653
17655
17660
17662
17664
17681
17682
17689
17698
17708
17725
17725
17733
17746
17749
17750
17759
17762
17771
17777
17779
17789
17791
17803
17840
17845
17848
17862
17862
17870
17873
17879
17899
17902
17905
17914
17915
17928
17929
17944
17954
17985
17997
18000
18011
18016
18035
18037
18047
18061
18061
18065
18068
18089
18099
18104
18109
18110
18111
18125
18127
18143
18149
18155
18175
18183
18185
18195
18197
18201
18201
18203
18204
18209
18211
18214
18214
18217
18226
18234
18235
18235
18239
18242
18245
18254
18271
18292
18294
18296
18326
18328
18352
18362
18368
18369
18394
18407
18412
18414
18430
18431
18443
18443
18447
18457
18461
18464
18495
18501
18509
18514
18519
18527
18533
18537
18542
18543
18546
18554
18575
18585
18615
18626
18628
18636
18636
18642
18660
18662
18688
18691
18705
18711
18716
18727
18733
18734
18744
18757
18784
18787
18789
18797
18810
18823
18875
18879
18892
18908
18917
18919
18926
18926
18929
18932
18942
18953
18960
18965
18969
18990
18999
19004
19004
19011
19046
19073
19080
19082
19093
19099
19117
19122
19133
19135
19141
19141
19147
19165
19210
19215
19226
19237
19241
19255
19263
19266
19286
19316
19321
19321
19329
19335
19340
19349
19356
19360
19361
19361
19390
19436
19454
19454
19460
19488
19488
19492
19503
19505
19519
19519
19520
19523
19536
19545
19546
19546
19553
19555
19608
19623
19627
19627
19649
19653
19681
19682
19702
19711
19719
19719
19725
19728
19736
19747
19749
19751
19751
19759
19763
19763
19767
19768
19776
19793
19794
19795
19796
19797
19800
19813
19818
19821
19823
19826
19848
19849
19853
19889
19890
19891
19915
19922
19966
19983
19987
19989
19998
20011
20022
20035
20043
20046
20059
20071
20073
20077
20083
20093
20109
20121
20156
20178
20196
20199
20201
20210
20211
20227
20235
20242
20255
20255
20274
20276
20283
20295
20299
20323
20325
20329
20331
20333
20335
20348
20372
20395
20396
20404
20404
20409
20429
20467
20469
20471
20488
20492
20497
20517
20518
20528
20547
20548
20566
20589
20598
20607
20637
20642
20642
20643
20645
20675
20685
20698
20701
20735
20738
20738
20742
20755
20764
20776
20783
20785
20798
20798
20822
20824
20824
20849
20849
20852
20854
20871
20889
20925
20978
21001
21001
21015
21025
21032
21033
21034
21038
21046
21071
21076
21084
21100
21107
21114
21115
21138
21143
21151
21160
21182
21204
21235
21238
21240
21245
21253
21253
21259
21260
21261
21266
21291
21300
21306
21316
21339
21345
21367
21368
21383
21405
21435
21436
21442
21453
21454
21473
21485
21509
21532
21552
21579
21592
21599
21608
21632
21638
21677
21681
21691
21709
21715
21728
21729
21737
21795
21826
21835
21839
21848
21853
21863
21865
21870
21872
21890
21897
21898
21904
21942
21956
21966
21977
21978
21990
22006
22022
22032
22045
22045
22050
22066
22074
22089
22090
22109
22129
22134
22170
22181
22204
22224
22224
22241
22252
22273
22297
22299
22325
22335
22340
22378
22380
22382
22397
22397
22399
22406
22410
22413
22414
22415
22421
22435
22437
22454
22478
22498
22502
22503
22527
22531
22560
22561
22579
22584
22607
22611
22616
22625
22643
22650
22684
22687
22703
22704
22708
22716
22717
22732
22750
22750
22757
22760
22780
22780
22803
22806
22820
22832
22833
22838
22843
22854
22856
22860
22861
22863
22866
22879
22881
22886
22887
22894
22895
22910
22920
22920
22933
22934
22948
22953
22955
22978
22984
22994
22999
23006
23012
23016
23025
23039
23046
23060
23071
23078
23092
23092
23100
23101
23101
23110
23125
23131
23139
23147
23151
23157
23160
23160
23161
23161
23162
23195
23203
23218
23233
23240
23243
23243
23243
23248
23254
23266
23267
23269
23285
23292
23292
23305
23325
23329
23340
23340
23343
23358
23364
23368
23371
23372
23376
23405
23418
23431
23446
23459
23464
23466
23471
23498
23498
23505
23538
23555
23564
23598
23606
23611
23630
23640
23650
23657
23657
23664
23685
23691
23693
23697
23697
23698
23713
23718
23745
23753
23758
23814
23821
23847
23865
23885
23907
23922
23923
23948
23949
23949
23991
24008
24012
24028
24047
24060
24060
24065
24067
24080
24080
24081
24082
24091
24092
24096
24126
24131
24136
24137
24141
24145
24148
24172
24184
24187
24191
24200
24218
24218
24240
24255
24302
24311
24319
24326
24326
24327
24334
24336
24345
24363
24373
24374
24375
24419
24421
24432
24458
24483
24497
24499
24517
24541
24567
24569
24569
24583
24601
24607
24609
24615
24630
24633
24648
24651
24660
24660
24671
24671
24678
24681
24699
24706
24708
24709
24711
24716
24725
24727
24732
24752
24767
24767
24768
24774
24788
24804
24821
24829
24833
24833
24841
24851
24866
24869
24875
24880
24887
24895
24908
24923
24940
24944
24953
24954
24961
24971
24978
25002
25011
25020
25021
25042
25104
25121
25133
25136
25150
25151
25167
25183
25184
25185
25203
25205
25211
25215
25216
25225
25226
25228
25229
25253
25258
25260
25261
25264
25277
25284
25289
25291
25320
25325
25327
25334
25335
25343
25354
25359
25369
25369
25381
25388
25393
25399
25412
25425
25452
25459
25465
25473
25483
25494
25495
25521
25523
25526
25535
25548
25552
25580
25582
25590
25592
25611
25629
25640
25648
25660
25687
25689
25691
25692
25711
25724
25726
25726
25729
25744
25747
25758
25775
25801
25805
25812
25814
25820
25826
25829
25852
25874
25880
25901
25916
25926
25941
25941
25964
25999
26003
26006
26043
26077
26088
26098
26105
26143
26166
26183
26185
26187
26196
26203
26222
26241
26242
26248
26268
26273
26300
26327
26332
26343
26380
26391
26404
26405
26410
26413
26435
26437
26446
26450
26489
26498
26502
26550
26569
26583
26586
26589
26591
26591
26594
26605
26608
26613
26626
26629
26634
26641
26646
26655
26661
26662
26666
26674
26679
26686
26689
26700
26737
26749
26750
26753
26754
26755
26766
26773
26781
26784
26788
26794
26801
26801
26812
26813
26820
26823
26826
26872
26893
26897
26917
26917
26924
26934
26936
26956
26979
26998
26998
27002
27010
27011
27018
27035
27054
27057
27063
27063
27069
27069
27080
27084
27087
27090
27096
27100
27102
27102
27118
27119
27122
27148
27156
27161
27181
27190
27194
27206
27225
27226
27258
27272
27288
27307
27315
27331
27332
27337
27342
27353
27366
27382
27393
27406
27427
27428
27429
27441
27448
27465
27482
27493
27502
27504
27518
27518
27521
27558
27567
27578
27583
27588
27630
27641
27667
27700
27701
27710
27727
27735
27740
27753
27765
27769
27776
27779
27793
27802
27814
27818
27822
27828
27847
27849
27853
27863
27864
27866
27868
27868
27869
27905
27925
27929
27936
27951
27969
27971
27972
27974
27981
27993
27995
28000
28002
28013
28019
28022
28025
28026
28040
28046
28050
28051
28054
28057
28070
28074
28094
28107
28117
28123
28124
28148
28154
28157
28160
28174
28179
28184
28212
28228
28241
28260
28273
28305
28309
28310
28311
28318
28319
28329
28334
28338
28345
28374
28381
28382
28400
28400
28423
28431
28431
28437
28458
28459
28464
28479
28481
28497
28507
28507
28514
28528
28544
28559
28561
28563
28574
28577
28579
28593
28623
28626
28652
28682
28688
28689
28697
28736
28748
28753
28759
28762
28775
28776
28777
28780
28797
28808
28814
28826
28849
28860
28877
28877
28878
28922
28933
28935
28965
28977
28986
29002
29008
29016
29021
29022
29037
29048
29058
29067
29068
29073
29080
29083
29088
29110
29111
29119
29121
29132
29135
29156
29159
29160
29163
29181
29190
29195
29197
29198
29211
29225
29238
29247
29256
29257
29259
29280
29284
29288
29299
29318
29322
29325
29329
29330
29338
29340
29342
29348
29358
29359
29360
29365
29404
29418
29419
29420
29424
29437
29440
29449
29464
29469
29479
29487
29489
29491
29492
29493
29493
29502
29510
29546
29554
29562
29568
29568
29568
29577
29608
29613
29616
29640
29659
29679
29682
29685
29699
29713
29716
29723
29733
29748
29770
29785
29802
29808
29816
29820
29827
29833
29841
29854
29869
29869
29874
29887
29903
29910
29912
29912
29914
29921
29960
29964
29972
29982
30017
30022
30034
30042
30051
30052
30061
30062
30064
30073
30073
30074
30078
30091
30097
30111
30128
30161
30168
30183
30183
30193
30209
30213
30221
30255
30273
30274
30275
30280
30302
30312
30317
30319
30327
30333
30336
30352
30365
30377
30379
30384
30400
30404
30407
30408
30409
30409
30421
30428
30432
30435
30438
30445
30455
30470
30472
30493
30551
30559
30561
30583
30587
30589
30604
30615
30640
30656
30658
30670
30683
30685
30688
30707
30745
30756
30778
30778
30789
30792
30792
30818
30822
30830
30831
30840
30840
30880
30898
30900
30922
30923
30929
30929
30957
30972
30975
30982
30994
31020
31024
31033
31040
31051
31064
31072
31111
31122
31123
31124
31126
31133
31140
31143
31162
31165
31175
31176
31181
31212
31223
31231
31244
31273
31309
31312
31342
31356
31357
31359
31362
31368
31388
31390
31391
31393
31394
31441
31446
31468
31496
31520
31521
31523
31539
31543
31544
31546
31547
31558
31564
31589
31600
31630
31658
31660
31668
31673
31679
31680
31692
31697
31699
31702
31722
31725
31741
31767
31784
31785
31791
31794
31798
31801
31818
31833
31857
31861
31882
31908
31942
31951
31957
31961
31968
31974
31977
31981
31984
31999
32004
32008
32026
32030
32039
32048
32057
32059
32070
32071
32111
32120
32125
32136
32149
32156
32156
32168
32214
32265
32265
32274
32279
32290
32323
32336
32373
32380
32383
32385
32390
32395
32398
32401
32412
32412
32419
32436
32450
32451
32494
32501
32512
32528
32529
32529
32557
32575
32600
32601
32608
32614
32637
32639
32641
32650
32660
32660
32664
32665
32670
32672
32677
32689
32710
32719
32733
32770
32776
32788
32793
32796
32798
32800
32801
32805
32807
32809
32823
32857
32863
32891
32901
32917
32923
32935
32948
32962
32973
32989
32991
32999
33038
33065
33067
33070
33076
33114
33128
33135
33143
33146
33171
33176
33186
33193
33206
33220
33230
33241
33256
33315
33322
33325
33336
33336
33354
33370
33377
33399
33401
33421
33422
33432
33447
33456
33485
33503
33509
33527
33541
33547
33553
33555
33579
33583
33586
33596
33597
33605
33622
33632
33639
33657
33658
33673
33679
33693
33706
33710
33710
33732
33746
33754
33766
33778
33779
33779
33793
33794
33799
33819
33822
33824
33827
33852
33865
33866
33866
33870
33883
33895
33898
33917
33971
33972
33978
33986
33988
33990
33992
33997
34026
34049
34049
34056
34060
34081
34102
34106
34117
34118
34120
34165
34171
34174
34176
34185
34190
34198
34203
34208
34219
34223
34230
34232
34237
34243
34246
34283
34291
34304
34335
34367
34378
34399
34402
34409
34413
34413
34419
34438
34465
34470
34478
34480
34500
34511
34516
34520
34541
34562
34584
34598
34600
34610
34611
34624
34644
34645
34645
34648
34669
34670
34692
34702
34718
34721
34727
34763
34772
34778
34780
34782
34783
34787
34808
34809
34815
34826
34844
34845
34853
34854
34870
34881
34889
34904
34905
34914
34920
34920
34936
34944
34977
34979
34987
35004
35012
35020
35033
35040
35047
35068
35072
35097
35124
35149
35161
35162
35204
35232
35233
35238
35261
35268
35278
35281
35285
35321
35327
35328
35332
35332
35337
35341
35344
35351
35357
35358
35373
35400
35420
35433
35453
35455
35456
35483
35508
35511
35537
35541
35543
35558
35562
35563
35571
35575
35578
35598
35599
35613
35614
35633
35648
35649
35682
35684
35686
35687
35689
35695
35699
35717
35734
35740
35747
35748
35766
35773
35780
35791
35837
35843
35866
35872
35875
35886
35893
35897
35909
35925
35933
35977
35985
36018
36030
36052
36080
36084
36097
36100
36106
36110
36120
36128
36130
36130
36138
36143
36147
36167
36170
36182
36185
36186
36231
36236
36259
36269
36274
36281
36285
36285
36309
36309
36321
36322
36328
36386
36392
36406
36407
36414
36423
36426
36428
36430
36432
36442
36455
36461
36462
36463
36472
36474
36479
36482
36491
36495
36497
36512
36533
36538
36553
36561
36585
36602
36604
36606
36631
36662
36664
36665
36668
36677
36682
36688
36721
36725
36748
36753
36759
36763
36768
36780
36785
36791
36799
36799
36825
36843
36844
36866
36885
36888
36892
36893
36895
36924
36947
36955
36990
36991
37005
37006
37011
37016
37023
37032
37049
37049
37051
37061
37062
37079
37088
37098
37100
37108
37112
37112
37119
37127
37133
37136
37141
37146
37154
37168
37181
37184
37203
37220
37237
37241
37261
37275
37288
37291
37295
37325
37338
37352
37366
37379
37380
37381
37397
37409
37422
37428
37438
37446
37447
37449
37453
37463
37471
37474
37487
37493
37498
37515
37517
37521
37524
37529
37536
37545
37569
37578
37578
37589
37593
37606
37609
37609
37627
37640
37653
37662
37693
37694
37705
37709
37715
37723
37725
37727
37728
37731
37753
37762
37776
37812
37813
37837
37839
37856
37861
37862
37867
37878
37878
37895
37896
37913
37925
37983
37984
37986
38002
38011
38021
38022
38022
38026
38037
38049
38053
38057
38084
38095
38099
38103
38111
38116
38116
38138
38152
38162
38163
38167
38178
38184
38185
38193
38194
38196
38225
38231
38232
38239
38252
38256
38280
38288
38313
38329
38330
38347
38357
38363
38364
38388
38396
38399
38417
38445
38451
38453
38454
38455
38458
38458
38474
38475
38482
38488
38497
38508
38528
38532
38548
38557
38558
38560
38568
38591
38609
38632
38637
38645
38658
38659
38662
38682
38683
38691
38693
38700
38710
38719
38726
38748
38749
38761
38786
38788
38809
38814
38816
38822
38829
38834
38842
38843
38848
38854
38858
38858
38881
38886
38896
38898
38904
38919
38922
38926
38936
38961
38962
38977
38982
38990
39008
39015
39019
39036
39046
39051
39053
39099
39126
39156
39199
39203
39203
39239
39246
39248
39250
39254
39260
39265
39279
39285
39306
39310
39323
39327
39334
39360
39383
39392
39401
39408
39410
39420
39445
39466
39469
39472
39476
39478
39478
39509
39516
39530
39530
39538
39551
39552
39559
39570
39597
39598
39598
39603
39612
39612
39619
39628
39641
39651
39654
39667
39675
39689
39703
39732
39741
39752
39762
39782
39785
39800
39802
39807
39847
39850
39852
39854
39859
39863
39872
39894
39896
39909
39910
39915
39916
39924
39963
39990
39994
40002
40003
40028
40033
40096
40125
40132
40164
40170
40181
40193
40202
40221
40223
40224
40237
40245
40250
40251
40271
40278
40314
40327
40328
40338
40341
40342
40347
40356
40368
40379
40388
40397
40400
40403
40422
40428
40432
40433
40442
40445
40453
40464
40465
40467
40490
40503
40504
40518
40518
40525
40550
40562
40594
40599
40607
40616
40623
40630
40634
40641
40660
40664
40678
40712
40742
40751
40760
40767
40769
40771
40793
40793
40801
40806
40815
40833
40856
40856
40861
40877
40877
40888
40890
40890
40892
40898
40899
40905
40908
40909
40916
40917
40917
40942
40961
40965
40977
40980
40983
40987
40987
40997
41000
41047
41050
41054
41057
41070
41076
41082
41124
41125
41149
41150
41156
41157
41172
41194
41206
41207
41224
41243
41243
41253
41261
41268
41274
41292
41300
41306
41309
41310
41330
41341
41353
41356
41362
41369
41369
41378
41392
41394
41406
41411
41428
41428
41428
41435
41456
41457
41462
41484
41498
41502
41515
41520
41531
41534
41535
41539
41542
41546
41548
41551
41557
41576
41579
41584
41611
41615
41653
41658
41669
41729
41730
41733
41734
41735
41737
41744
41746
41749
41763
41776
41777
41791
41800
41817
41829
41830
41835
41845
41846
41847
41858
41866
41884
41888
41891
41902
41909
41916
41923
41950
41968
41980
41996
41996
41999
42005
42017
42029
42033
42059
42069
42069
42076
42077
42084
42095
42114
42118
42122
42124
42125
42134
42139
42140
42142
42142
42143
42177
42184
42186
42189
42190
42204
42207
42212
42231
42232
42248
42251
42251
42257
42303
42312
42315
42323
42350
42357
42363
42374
42375
42384
42385
42387
42402
42405
42416
42429
42431
42437
42441
42456
42494
42496
42497
42507
42532
42554
42612
42620
42624
42652
42680
42689
42698
42703
42705
42715
42734
42737
42745
42749
42784
42789
42793
42803
42811
42814
42847
42862
42863
42900
42911
42913
42916
42935
42938
42957
42962
42967
42970
42993
43008
43013
43015
43024
43061
43062
43069
43070
43070
43072
43080
43090
43095
43103
43129
43130
43135
43141
43159
43160
43168
43174
43178
43184
43194
43204
43215
43222
43224
43236
43242
43254
43269
43271
43275
43303
43310
43314
43318
43334
43341
43352
43353
43362
43369
43381
43381
43389
43406
43413
43415
43417
43419
43428
43430
43432
43436
43457
43469
43475
43476
43484
43484
43487
43501
43502
43516
43518
43519
43530
43537
43539
43540
43541
43543
43553
43564
43575
43575
43578
43580
43592
43593
43595
43597
43598
43612
43614
43627
43644
43648
43661
43676
43687
43696
43700
43704
43723
43736
43738
43746
43751
43761
43771
43776
43779
43797
43804
43832
43838
43844
43853
43854
43863
43871
43901
43911
43915
43938
43940
43957
43987
44011
44018
44033
44052
44067
44077
44092
44093
44103
44110
44122
44124
44125
44139
44145
44193
44201
44207
44209
44220
44224
44225
44235
44238
44249
44258
44291
44302
44311
44312
44314
44324
44347
44357
44361
44373
44387
44388
44393
44398
44405
44407
44462
44464
44489
44514
44522
44528
44528
44546
44555
44557
44558
44564
44568
44575
44577
44586
44598
44628
44632
44638
44657
44659
44662
44667
44671
44675
44677
44680
44688
44689
44710
44727
44734
44740
44754
44754
44762
44777
44788
44794
44811
44815
44815
44817
44831
44831
44850
44859
44868
44906
44908
44911
44933
44935
44939
44965
44972
44989
45009
45010
45024
45029
45029
45046
45064
45075
45080
45084
45084
45089
45094
45097
45136
45136
45147
45154
45173
45183
45188
45198
45201
45222
45225
45227
45227
45253
45278
45293
45294
45304
45314
45316
45317
45332
45335
45337
45339
45339
45344
45357
45365
45372
45382
45404
45437
45443
45452
45457
45464
45475
45476
45486
45533
45548
45557
45560
45572
45574
45592
45613
45621
45652
45681
45681
45684
45697
45743
45745
45767
45768
45771
45781
45783
45789
45790
45792
45804
45825
45834
45834
45836
45848
45868
45888
45896
45908
45911
45943
45945
45956
45959
45962
45968
45969
45974
45983
45991
45998
46001
46004
46009
46009
46027
46035
46038
46054
46055
46066
46073
46094
46101
46118
46120
46131
46136
46144
46178
46183
46186
46198
46207
46244
46251
46259
46264
46280
46300
46329
46338
46342
46367
46370
46373
46385
46390
46398
46411
46430
46439
46440
46444
46445
46464
46503
46506
46507
46536
46543
46547
46548
46551
46553
46575
46605
46609
46612
46619
46632
46640
46643
46661
46674
46674
46711
46716
46744
46753
46753
46830
46847
46859
46867
46873
46874
46875
46878
46899
46901
46908
46924
46945
46950
46966
47002
47032
47061
47062
47065
47073
47085
47088
47137
47139
47144
47154
47158
47159
47166
47169
47171
47200
47201
47216
47272
47292
47298
47344
47355
47371
47374
47380
47397
47403
47410
47420
47465
47483
47495
47496
47501
47507
47511
47513
47546
47559
47561
47562
47581
47586
47595
47602
47606
47610
47618
47624
47630
47648
47648
47650
47656
47665
47668
47671
47677
47678
47693
47701
47707
47736
47742
47755
47756
47764
47764
47767
47773
47780
47795
47797
47798
47825
47853
47866
47871
47871
47873
47893
47928
47929
47929
47951
47953
47968
47970
47978
47980
47991
47995
47996
48011
48036
48052
48058
48095
48097
48158
48166
48192
48226
48242
48243
48247
48248
48285
48287
48291
48293
48303
48341
48349
48350
48357
48366
48378
48380
48383
48387
48387
48389
48431
48459
48468
48487
48491
48516
48517
48518
48558
48569
48584
48590
48597
48599
48600
48610
48614
48625
48628
48630
48647
48650
48652
48653
48656
48657
48680
48681
48693
48696
48696
48708
48732
48756
48763
48769
48771
48786
48786
48787
48809
48821
48824
48843
48847
48849
48863
48865
48869
48874
48885
48889
48893
48898
48903
48907
48923
48925
48930
48930
48934
48937
49011
49023
49033
49044
49050
49066
49070
49086
49090
49105
49106
49129
49130
49139
49149
49149
49153
49157
49158
49163
49163
49163
49182
49184
49199
49223
49245
49265
49267
49274
49278
49292
49295
49298
49306
49322
49354
49361
49364
49366
49394
49411
49415
49425
49429
49431
49451
49470
49473
49484
49492
49495
49528
49546
49557
49579
49590
49604
49609
49626
49632
49637
49642
49646
49662
49678
49694
49697
49699
49708
49710
49710
49720
49723
49733
49742
49749
49775
49783
49816
49819
49821
49830
49834
49839
49855
49875
49880
49889
49893
49918
49933
49934
49943
49950
49959
49966
49980
50005
50021
50023
50028
50030
50040
50046
50071
50084
50098
50113
50125
50168
50184
50194
50211
50219
50221
50254
50255
50267
50268
50276
50293
50295
50296
50300
50302
50317
50340
50343
50344
50354
50359
50365
50401
50413
50425
50443
50446
50449
50450
50476
50482
50490
50500
50514
50516
50530
50553
50570
50573
50573
50577
50578
50583
50597
50598
50599
50608
50636
50638
50639
50640
50640
50657
50661
50672
50682
50683
50685
50687
50688
50694
50708
50715
50720
50725
50745
50747
50775
50796
50798
50813
50824
50831
50841
50858
50875
50901
50908
50908
50912
50921
50928
50935
50938
50940
50949
50953
50963
50981
50990
51011
51028
51036
51041
51043
51050
51056
51074
51077
51078
51089
51124
51124
51128
51135
51146
51150
51175
51183
51214
51216
51222
51231
51244
51252
51265
51278
51315
51323
51348
51362
51371
51379
51380
51404
51410
51415
51426
51438
51448
51450
51461
51467
51480
51486
51529
51530
51546
51589
51602
51604
51604
51605
51613
51629
51630
51630
51636
51637
51639
51646
51663
51667
51671
51682
51690
51697
51700
51718
51750
51788
51794
51831
51834
51843
51845
51850
51852
51856
51877
51880
51887
51894
51895
51899
51903
51909
51917
51921
51930
51964
52000
52004
52007
52012
52018
52023
52029
52036
52043
52075
52078
52107
52118
52119
52142
52153
52169
52175
52189
52195
52207
52207
52214
52217
52226
52232
52254
52261
52267
52271
52279
52281
52348
52359
52362
52365
52372
52376
52378
52396
52411
52429
52434
52437
52445
52470
52474
52475
52481
52495
52511
52512
52515
52517
52531
52537
52542
52559
52582
52596
52604
52604
52612
52614
52617
52625
52632
52636
52637
52648
52651
52664
52666
52668
52685
52705
52707
52708
52710
52720
52726
52736
52740
52744
52755
52773
52779
52796
52814
52836
52842
52850
52851
52864
52884
52893
52899
52900
52904
52907
52917
52931
52937
52941
52951
52961
52965
52972
52986
52986
53035
53043
53065
53069
53076
53079
53084
53084
53086
53087
53089
53100
53121
53134
53149
53165
53167
53195
53204
53207
53210
53220
53245
53248
53252
53268
53269
53288
53298
53339
53343
53346
53347
53365
53396
53399
53420
53428
53436
53444
53451
53457
53472
53480
53491
53493
53507
53511
53525
53526
53547
53550
53567
53568
53570
53574
53578
53623
53642
53654
53668
53673
53695
53698
53699
53721
53748
53757
53764
53773
53776
53784
53788
53789
53791
53796
53798
53809
53813
53813
53827
53841
53841
53842
53856
53858
53859
53879
53882
53885
53889
53900
53906
53919
53931
53942
53947
53951
53952
53959
53965
53982
53991
54003
54005
54006
54010
54014
54040
54052
54065
54084
54095
54157
54178
54184
54206
54221
54233
54240
54253
54258
54268
54276
54289
54325
54326
54344
54351
54364
54385
54426
54446
54468
54474
54488
54490
54491
54492
54496
54497
54507
54521
54522
54533
54548
54555
54570
54601
54603
54611
54613
54618
54626
54630
54641
54643
54649
54657
54696
54700
54715
54716
54736
54736
54739
54756
54782
54785
54808
54842
54846
54848
54880
54884
54889
54891
54894
54907
54908
54908
54924
54929
54950
54954
54957
54962
54964
54971
54985
54986
54987
54991
54996
55021
55040
55054
55093
55097
55110
55123
55136
55144
55150
55151
55170
55191
55194
55195
55202
55208
55228
55233
55236
55241
55257
55258
55269
55280
55289
55300
55313
55320
55325
55332
55348
55363
55374
55401
55413
55417
55418
55422
55446
55484
55498
55499
55517
55530
55531
55542
55544
55562
55593
55607
55617
55630
55635
55663
55688
55698
55723
55724
55727
55730
55752
55752
55758
55768
55769
55788
55795
55795
55810
55820
55825
55837
55846
55864
55882
55890
55900
55904
55917
55932
55937
55946
55959
55965
55968
55997
56001
56006
56010
56019
56030
56039
56052
56052
56073
56091
56093
56101
56109
56115
56116
56134
56141
56142
56147
56178
56188
56197
56210
56222
56235
56241
56248
56250
56260
56264
56272
56275
56301
56303
56305
56311
56326
56334
56334
56345
56350
56358
56361
56370
56381
56388
56404
56409
56415
56427
56431
56440
56442
56453
56456
56484
56486
56498
56509
56552
56560
56574
56585
56606
56609
56615
56627
56641
56656
56657
56658
56658
56680
56693
56696
56705
56707
56711
56741
56753
56759
56765
56765
56769
56775
56796
56796
56804
56813
56838
56845
56848
56849
56854
56892
56894
56908
56922
56927
56929
56940
56954
56966
56973
56981
56984
56985
56992
57018
57021
57025
57050
57065
57067
57070
57076
57078
57088
57099
57100
57110
57121
57130
57132
57139
57151
57160
57168
57176
57182
57182
57184
57189
57192
57201
57214
57218
57222
57232
57260
57265
57286
57290
57297
57309
57321
57335
57344
57346
57360
57378
57382
57382
57400
57408
57413
57434
57437
57451
57458
57459
57464
57484
57501
57506
57514
57519
57520
57539
57568
57585
57607
57608
57614
57630
57669
57689
57702
57741
57749
57752
57767
57771
57776
57814
57819
57823
57847
57853
57855
57857
57858
57860
57869
57893
57901
57915
57917
57919
57929
57942
57942
57977
57981
57987
57988
57991
57997
58004
58017
58034
58051
58074
58094
58102
58110
58114
58116
58116
58125
58134
58149
58154
58160
58164
58171
58180
58181
58200
58208
58217
58219
58226
58235
58243
58259
58281
58295
58302
58321
58336
58346
58374
58379
58384
58391
58404
58423
58449
58458
58460
58462
58466
58491
58503
58516
58536
58551
58553
58592
58596
58625
58628
58631
58647
58654
58656
58659
58665
58667
58670
58677
58685
58688
58699
58718
58726
58750
58763
58769
58770
58787
58821
58838
58840
58841
58881
58906
58910
58911
58914
58920
58921
58928
58940
58944
58948
58952
58953
58968
58979
58984
58993
58994
59019
59070
59101
59103
59130
59137
59150
59155
59156
59158
59163
59173
59194
59216
59225
59225
59228
59232
59234
59263
59276
59293
59298
59336
59338
59340
59342
59343
59350
59353
59376
59378
59378
59388
59397
59402
59409
59412
59414
59416
59419
59442
59451
59453
59453
59465
59466
59473
59474
59480
59482
59487
59541
59552
59561
59570
59610
59615
59620
59629
59645
59653
59655
59660
59674
59682
59705
59711
59717
59724
59725
59736
59740
59740
59747
59788
59800
59804
59806
59824
59831
59832
59854
59865
59883
59895
59896
59912
59917
59924
59933
59941
59954
59974
59982
59987
59995
59996
60010
60038
60043
60045
60048
60055
60056
60056
60060
60098
60113
60120
60126
60135
60148
60159
60167
60176
60182
60183
60187
60195
60248
60251
60264
60310
60320
60326
60330
60334
60342
60394
60411
60425
60426
60432
60433
60445
60454
60465
60467
60472
60474
60483
60508
60528
60543
60546
60562
60569
60577
60578
60580
60599
60600
60614
60618
60635
60638
60641
60641
60665
60673
60693
60725
60731
60743
60752
60757
60761
60766
60768
60783
60806
60833
60840
60875
60890
60913
60916
60921
60921
60925
60925
60931
60935
60939
60945
60948
60969
60970
60987
61003
61009
61027
61050
61062
61062
61063
61064
61089
61090
61093
61100
61108
61114
61117
61149
61151
61151
61159
61171
61171
61175
61176
61180
61204
61245
61255
61255
61259
61275
61276
61279
61284
61284
61287
61303
61307
61314
61337
61372
61395
61406
61406
61410
61418
61438
61449
61460
61503
61508
61517
61524
61535
61541
61548
61573
61574
61588
61593
61615
61628
61647
61651
61665
61673
61677
61687
61694
61694
61721
61742
61751
61754
61765
61769
61771
61772
61772
61781
61793
61798
61798
61804
61808
61819
61823
61824
61840
61842
61849
61849
61854
61857
61864
61871
61874
61881
61909
61918
61923
61926
61934
61938
61943
61955
61956
61988
61997
62007
62007
62031
62056
62056
62058
62058
62058
62060
62063
62065
62075
62082
62102
62122
62135
62141
62159
62172
62199
62216
62219
62224
62236
62242
62242
62247
62253
62262
62269
62275
62278
62288
62288
62306
62307
62312
62330
62363
62365
62371
62374
62376
62420
62446
62446
62446
62457
62463
62468
62479
62497
62503
62509
62540
62548
62564
62565
62581
62582
62589
62599
62599
62616
62633
62640
62658
62665
62665
62692
62692
62695
62705
62723
62723
62726
62730
62731
62735
62736
62740
62749
62758
62760
62763
62769
62784
62790
62802
62803
62814
62816
62826
62838
62853
62865
62873
62893
62898
62919
62926
62932
62933
62939
62948
62949
62956
62973
62975
62981
63030
63037
63038
63052
63072
63085
63099
63137
63141
63189
63202
63210
63211
63215
63228
63236
63237
63244
63259
63265
63281
63290
63295
63299
63308
63313
63325
63338
63355
63357
63363
63369
63377
63378
63409
63412
63420
63428
63442
63463
63474
63508
63513
63527
63530
63587
63592
63598
63620
63621
63624
63641
63645
63652
63668
63690
63697
63699
63725
63740
63741
63744
63748
63752
63762
63769
63776
63778
63780
63801
63805
63807
63809
63824
63830
63835
63858
63859
63871
63897
63920
63928
63950
63955
63959
63961
63961
63965
63970
63973
63979
63993
63999
63999
64005
64008
64033
64054
64080
64081
64096
64100
64106
64107
64114
64122
64133
64137
64141
64146
64153
64157
64166
64190
64193
64195
64207
64209
64213
64217
64217
64219
64222
64268
64286
64291
64296
64299
64342
64352
64353
64373
64390
64410
64412
64427
64436
64442
64463
64477
64479
64492
64495
64501
64503
64517
64524
64532
64561
64566
64592
64599
64606
64606
64610
64628
64645
64649
64661
64663
64670
64679
64692
64701
64705
64728
64744
64753
64754
64764
64780
64802
64810
64836
64849
64851
64858
64860
64867
64879
64880
64893
64927
64933
64939
64950
64952
64952
64963
64964
64967
64968
64976
64977
64992
65004
65010
65015
65015
65029
65030
65032
65053
65062
65067
65075
65077
65084
65090
65101
65120
65120
65140
65144
65155
65156
65167
65170
65171
65184
65212
65246
65251
65256
65262
65290
65304
65307
65309
65321
65340
65360
65361
65361
65367
65370
65396
65399
65406
65408
65420
65421
65460
65480
65484
65497
65501
65513
65519
65523
65523
65524
65529
65549
65568
65572
65574
65579
65592
65623
65633
65642
65651
65654
65661
65674
65684
65685
65714
65773
65793
65800
65803
65815
65829
65834
65835
65836
65846
65861
65881
65883
65888
65892
65913
65916
65923
65925
65937
65951
65952
65964
65986
65992
65992
66007
66028
66087
66094
66105
66109
66115
66124
66139
66144
66159
66163
66173
66174
66195
66208
66212
66226
66228
66230
66230
66233
66239
66248
66257
66262
66263
66280
66284
66289
66311
66319
66336
66370
66386
66390
66395
66403
66405
66414
66442
66448
66448
66466
66468
66509
66515
66522
66529
66547
66550
66552
66557
66570
66579
66583
66587
66589
66609
66621
66638
66647
66652
66653
66660
66660
66664
66691
66704
66713
66717
66721
66739
66742
66754
66767
66776
66779
66784
66786
66789
66798
66807
66824
66842
66845
66846
66857
66881
66898
66915
66924
66944
66946
66963
66967
66971
66986
66996
67013
67013
67030
67033
67033
67035
67052
67053
67057
67061
67076
67084
67085
67088
67095
67103
67110
67120
67127
67138
67142
67149
67186
67187
67189
67195
67218
67228
67239
67240
67241
67243
67245
67248
67281
67288
67297
67299
67300
67301
67304
67322
67322
67329
67336
67339
67355
67361
67381
67386
67388
67394
67401
67401
67414
67422
67435
67438
67457
67459
67460
67474
67475
67480
67494
67508
67514
67547
67554
67584
67587
67587
67589
67592
67607
67614
67615
67630
67645
67656
67679
67679
67702
67702
67704
67726
67726
67738
67746
67749
67751
67754
67766
67772
67784
67790
67798
67799
67807
67822
67831
67835
67847
67853
67858
67864
67864
67865
67867
67869
67902
67909
67909
67912
67929
67930
67947
67963
67974
67985
67992
67999
68002
68007
68020
68023
68027
68050
68064
68065
68069
68073
68087
68091
68099
68110
68119
68125
68126
68172
68180
68184
68188
68192
68193
68193
68194
68211
68217
68219
68224
68236
68240
68256
68257
68258
68258
68269
68269
68273
68276
68290
68302
68303
68318
68321
68333
68341
68347
68351
68353
68355
68356
68372
68380
68391
68397
68398
68419
68431
68441
68444
68456
68459
68484
68496
68499
68510
68522
68534
68547
68558
68561
68587
68592
68598
68598
68603
68629
68644
68672
68675
68693
68715
68721
68725
68727
68727
68749
68756
68773
68784
68785
68786
68792
68801
68801
68809
68817
68841
68850
68863
68871
68873
68878
68894
68894
68910
68921
68930
68932
68940
68950
68956
68962
68978
68985
69011
69058
69064
69071
69077
69080
69088
69092
69097
69100
69109
69115
69130
69134
69144
69145
69161
69167
69172
69179
69182
69187
69189
69203
69207
69218
69223
69226
69234
69241
69261
69265
69276
69283
69285
69313
69333
69336
69345
69355
69370
69379
69382
69384
69387
69397
69403
69415
69420
69429
69445
69447
69464
69470
69483
69485
69488
69497
69567
69600
69612
69622
69645
69658
69670
69673
69676
69687
69719
69743
69755
69762
69769
69782
69792
69801
69813
69853
69854
69858
69876
69900
69902
69911
69917
69921
69923
69932
69938
69940
69950
69951
69952
69962
69979
69985
69990
70011
70011
70032
70037
70043
70046
70047
70051
70058
70065
70079
70086
70098
70132
70139
70145
70156
70175
70176
70188
70190
70221
70229
70249
70275
70276
70282
70284
70290
70294
70319
70322
70334
70335
70370
70370
70407
70425
70428
70432
70439
70449
70468
70472
70480
70483
70522
70545
70547
70554
70554
70573
70586
70586
70596
70613
70621
70630
70630
70635
70641
70658
70662
70662
70667
70707
70709
70720
70723
70740
70745
70746
70767
70787
70805
70819
70823
70827
70832
70843
70844
70847
70857
70860
70862
70866
70872
70913
70914
70918
70930
70935
70938
70944
70945
70957
70959
70986
70986
71051
71055
71072
71076
71078
71092
71095
71097
71124
71129
71135
71138
71139
71154
71163
71164
71169
71172
71182
71185
71188
71198
71206
71234
71238
71253
71262
71272
71272
71280
71282
71291
71294
71299
71328
71336
71339
71351
71363
71364
71368
71399
71400
71449
71451
71455
71458
71482
71491
71529
71532
71540
71556
71567
71576
71578
71578
71580
71584
71605
71609
71614
71621
71621
71622
71637
71664
71665
71689
71699
71702
71703
71726
71726
71735
71736
71737
71767
71770
71783
71787
71801
71802
71813
71817
71820
71825
71833
71853
71869
71875
71878
71879
71880
71886
71893
71909
71913
71917
71932
71945
71945
71947
71966
71972
71985
72008
72009
72010
72010
72046
72063
72066
72067
72068
72096
72098
72106
72122
72123
72127
72129
72134
72136
72138
72154
72158
72160
72160
72163
72173
72177
72196
72218
72229
72241
72248
72275
72291
72291
72302
72309
72312
72313
72350
72355
72380
72381
72381
72404
72407
72411
72421
72430
72435
72451
72458
72467
72484
72489
72495
72516
72518
72524
72538
72540
72550
72592
72597
72611
72611
72616
72617
72621
72622
72641
72650
72653
72669
72673
72677
72688
72697
72709
72730
72736
72742
72743
72748
72758
72796
72800
72808
72809
72815
72832
72842
72855
72864
72882
72893
72905
72913
72926
72941
72941
72942
72945
72950
72952
72970
72982
72986
73003
73027
73041
73043
73056
73062
73066
73072
73100
73121
73139
73155
73161
73163
73186
73204
73216
73218
73222
73231
73231
73233
73233
73245
73256
73259
73287
73289
73295
73303
73304
73308
73313
73315
73316
73333
73346
73372
73383
73384
73390
73391
73418
73439
73447
73450
73471
73484
73490
73498
73519
73531
73535
73561
73567
73568
73578
73583
73603
73621
73633
73646
73647
73649
73662
73691
73691
73700
73715
73729
73737
73750
73753
73763
73764
73765
73773
73777
73799
73867
73881
73898
73910
73915
73921
73940
73959
73963
73964
73969
73979
73984
73996
74015
74018
74026
74027
74035
74036
74036
74040
74045
74048
74057
74057
74057
74059
74074
74074
74080
74081
74085
74093
74126
74129
74153
74155
74158
74166
74171
74171
74183
74193
74200
74214
74221
74227
74236
74243
74253
74265
74267
74271
74275
74298
74316
74317
74317
74323
74332
74351
74351
74363
74368
74384
74386
74393
74397
74398
74400
74402
74413
74433
74443
74451
74453
74468
74470
74495
74546
74546
74562
74578
74582
74585
74600
74623
74624
74651
74668
74673
74683
74690
74692
74696
74697
74712
74722
74747
74751
74757
74760
74761
74769
74782
74823
74835
74836
74839
74859
74877
74883
74884
74887
74906
74925
74933
74945
74960
74963
75011
75029
75029
75084
75085
75097
75098
75122
75131
75142
75142
75144
75146
75148
75151
75164
75172
75185
75196
75197
75206
75230
75244
75246
75256
75264
75265
75267
75271
75273
75299
75303
75322
75331
75343
75351
75358
75383
75387
75410
75414
75417
75417
75420
75436
75447
75448
75459
75462
75468
75471
75493
75508
75510
75513
75513
75531
75551
75553
75565
75567
75578
75614
75644
75658
75661
75666
75680
75681
75694
75704
75705
75706
75722
75722
75722
75723
75732
75770
75772
75772
75773
75782
75786
75805
75843
75844
75845
75851
75853
75875
75884
75899
75901
75908
75919
75937
75956
75958
75960
75970
76012
76017
76034
76036
76039
76048
76053
76053
76058
76077
76089
76151
76196
76201
76202
76219
76222
76231
76234
76259
76260
76262
76298
76306
76306
76311
76320
76320
76341
76357
76364
76385
76393
76394
76402
76427
76459
76466
76467
76480
76490
76500
76528
76534
76580
76582
76593
76600
76607
76624
76636
76637
76642
76642
76655
76657
76685
76689
76692
76692
76708
76715
76736
76756
76759
76760
76770
76791
76793
76797
76805
76806
76806
76810
76811
76825
76838
76853
76857
76863
76868
76877
76884
76887
76895
76899
76900
76902
76905
76920
76946
76964
76967
76980
76984
77000
77001
77008
77014
77036
77044
77049
77057
77058
77065
77091
77095
77101
77102
77102
77110
77130
77141
77145
77155
77162
77182
77187
77187
77188
77190
77201
77208
77222
77224
77234
77243
77247
77251
77252
77253
77254
77262
77288
77290
77303
77319
77331
77332
77349
77360
77362
77387
77403
77405
77410
77413
77435
77441
77442
77448
77474
77474
77479
77480
77482
77487
77509
77512
77521
77523
77542
77543
77548
77550
77552
77554
77561
77569
77569
77584
77590
77613
77631
77634
77645
77651
77671
77671
77685
77689
77699
77728
77731
77759
77773
77776
77791
77793
77795
77808
77830
77832
77842
77846
77856
77859
77867
77885
77913
77919
77921
77921
77923
77938
77941
77944
77950
77958
77982
77983
77983
77999
78004
78009
78012
78013
78040
78053
78064
78090
78121
78123
78129
78130
78132
78155
78196
78201
78202
78221
78225
78230
78236
78245
78258
78266
78266
78269
78279
78282
78285
78286
78293
78294
78299
78316
78330
78346
78358
78360
78377
78380
78382
78384
78388
78402
78421
78439
78442
78444
78454
78457
78468
78473
78492
78497
78533
78535
78538
78565
78569
78574
78577
78582
78594
78599
78621
78622
78625
78632
78638
78641
78649
78679
78685
78688
78690
78697
78713
78719
78737
78743
78745
78748
78749
78756
78756
78763
78773
78782
78798
78800
78806
78816
78820
78825
78846
78848
78855
78859
78860
78872
78873
78884
78896
78908
78914
78942
78952
78966
78968
78979
78990
79003
79006
79010
79033
79047
79049
79061
79066
79069
79074
79076
79078
79109
79111
79114
79117
79123
79127
79127
79138
79143
79165
79173
79178
79195
79195
79201
79214
79234
79245
79299
79317
79329
79353
79385
79398
79411
79420
79420
79432
79435
79453
79463
79494
79496
79504
79504
79507
79518
79520
79531
79551
79556
79579
79588
79596
79600
79600
79621
79623
79624
79643
79654
79660
79666
79673
79677
79679
79684
79691
79701
79708
79713
79728
79756
79765
79772
79776
79791
79806
79808
79813
79818
79819
79819
79828
79834
79875
79878
79889
79896
79900
79943
79945
79958
79971
79984
79994
79998
79998
80008
80008
80011
80031
80067
80083
80088
80089
80094
80119
80119
80132
80132
80141
80160
80162
80172
80188
80192
80198
80206
80226
80228
80250
80265
80270
80290
80293
80303
80306
80319
80320
80360
80365
80399
80428
80454
80465
80503
80507
80508
80518
80518
80524
80533
80562
80578
80588
80591
80596
80597
80598
80614
80638
80640
80653
80662
80678
80707
80712
80730
80735
80736
80751
80768
80776
80778
80786
80794
80795
80797
80800
80807
80808
80808
80821
80827
80831
80855
80858
80862
80895
80897
80904
80913
80918
80921
80924
80935
80947
80960
80961
80962
80967
80971
80972
80980
80994
81012
81050
81052
81054
81061
81072
81087
81093
81099
81118
81138
81140
81140
81142
81144
81158
81159
81162
81162
81165
81180
81189
81217
81219
81222
81223
81226
81229
81233
81244
81251
81261
81285
81299
81300
81323
81323
81329
81332
81342
81349
81349
81351
81351
81351
81351
81363
81364
81382
81395
81414
81456
81477
81479
81493
81494
81498
81523
81529
81530
81531
81532
81532
81535
81556
81565
81565
81566
81568
81574
81580
81583
81597
81598
81603
81642
81653
81655
81684
81699
81727
81737
81738
81740
81741
81749
81752
81756
81759
81764
81778
81807
81817
81817
81820
81828
81829
81848
81861
81870
81875
81886
81888
81890
81893
81913
81936
81954
81972
81978
81985
82015
82023
82024
82027
82046
82080
82107
82108
82112
82129
82145
82156
82186
82199
82207
82213
82226
82236
82247
82257
82276
82283
82288
82291
82298
82299
82305
82330
82330
82339
82342
82345
82362
82370
82374
82377
82389
82407
82411
82412
82420
82425
82431
82432
82453
82455
82458
82461
82473
82475
82481
82483
82484
82496
82499
82516
82524
82531
82532
82561
82603
82611
82616
82637
82637
82666
82666
82666
82675
82677
82679
82681
82705
82707
82715
82717
82729
82740
82742
82756
82759
82770
82787
82790
82791
82792
82793
82802
82802
82802
82836
82839
82840
82847
82890
82902
82903
82906
82910
82913
82913
82923
82940
82943
82950
82952
82982
83050
83056
83069
83069
83079
83097
83099
83143
83148
83157
83159
83170
83173
83173
83180
83204
83210
83210
83217
83228
83239
83254
83265
83275
83283
83306
83309
83312
83315
83329
83335
83336
83338
83351
83358
83367
83411
83434
83449
83459
83460
83461
83469
83499
83505
83512
83514
83523
83524
83538
83567
83574
83584
83604
83616
83623
83624
83638
83641
83663
83672
83676
83689
83695
83713
83715
83721
83735
83749
83756
83763
83791
83796
83796
83810
83813
83832
83840
83848
83851
83874
83906
83906
83914
83916
83921
83961
83963
83979
83981
83990
84000
84020
84025
84034
84036
84037
84046
84056
84069
84084
84087
84103
84127
84150
84166
84167
84172
84183
84190
84195
84232
84238
84239
84261
84265
84270
84271
84289
84303
84343
84345
84372
84374
84375
84375
84385
84386
84386
84389
84394
84404
84426
84428
84439
84449
84450
84454
84464
84464
84476
84491
84493
84507
84507
84510
84511
84534
84536
84545
84556
84563
84571
84578
84580
84589
84594
84594
84643
84650
84653
84655
84660
84663
84708
84718
84731
84747
84748
84762
84782
84783
84786
84786
84788
84798
84813
84830
84833
84839
84859
84860
84861
84877
84878
84882
84918
84927
84928
84942
84964
84969
84973
84980
84984
84990
85005
85014
85019
85027
85076
85092
85100
85104
85108
85115
85117
85123
85129
85136
85148
85154
85164
85190
85200
85206
85212
85219
85240
85252
85259
85283
85310
85317
85318
85346
85352
85378
85386
85390
85400
85413
85420
85424
85425
85435
85445
85456
85465
85474
85476
85484
85491
85493
85526
85545
85555
85603
85607
85608
85630
85649
85650
85659
85660
85670
85707
85719
85726
85747
85759
85761
85771
85773
85795
85796
85798
85807
85814
85816
85817
85817
85835
85839
85860
85869
85878
85926
85930
85953
85954
85963
85968
85974
86000
86000
86003
86008
86045
86061
86075
86083
86111
86116
86118
86128
86154
86159
86160
86176
86187
86212
86224
86243
86282
86286
86291
86356
86383
86392
86393
86405
86405
86417
86430
86433
86443
86466
86468
86470
86475
86483
86488
86488
86495
86502
86507
86512
86528
86535
86559
86587
86587
86587
86599
86600
86612
86619
86644
86653
86657
86665
86672
86672
86678
86700
86701
86703
86704
86726
86727
86727
86743
86743
86760
86762
86765
86777
86801
86813
86837
86841
86849
86869
86875
86884
86886
86901
86908
86912
86913
86920
86932
86946
86954
86964
86987
86988
87049
87057
87061
87067
87071
87079
87087
87101
87105
87126
87152
87174
87194
87221
87232
87238
87257
87290
87337
87339
87354
87355
87357
87363
87366
87374
87392
87397
87410
87413
87415
87423
87425
87425
87431
87432
87438
87449
87456
87460
87472
87486
87498
87502
87507
87509
87538
87540
87544
87559
87570
87576
87591
87591
87604
87609
87618
87621
87628
87628
87632
87646
87650
87658
87659
87665
87670
87682
87712
87724
87749
87756
87757
87766
87794
87802
87824
87825
87839
87846
87854
87867
87880
87885
87885
87890
87891
87893
87916
87921
87924
87935
87942
87943
87950
87961
87963
87969
87970
87974
87980
87997
88005
88010
88051
88062
88081
88085
88086
88092
88104
88110
88124
88161
88168
88178
88184
88206
88224
88225
88244
88265
88277
88285
88295
88313
88320
88330
88352
88355
88355
88370
88375
88377
88380
88388
88392
88393
88424
88439
88448
88449
88456
88469
88476
88478
88491
88506
88511
88531
88536
88564
88566
88575
88590
88603
88611
88613
88622
88640
88647
88654
88662
88669
88670
88671
88678
88681
88691
88711
88726
88733
88758
88767
88780
88790
88798
88799
88807
88809
88812
88816
88820
88826
88840
88848
88852
88859
88871
88878
88892
88908
88935
88948
88948
88950
88951
88960
88968
88974
89003
89027
89037
89044
89064
89066
89084
89095
89110
89128
89138
89140
89148
89159
89164
89188
89210
89235
89244
89271
89272
89286
89299
89306
89317
89329
89332
89334
89337
89338
89350
89368
89368
89375
89375
89392
89395
89405
89410
89429
89431
89432
89458
89461
89464
89467
89474
89476
89481
89492
89519
89533
89546
89549
89560
89563
89574
89574
89596
89600
89602
89611
89614
89620
89629
89643
89643
89666
89680
89686
89692
89695
89695
89711
89718
89735
89748
89752
89754
89764
89814
89829
89830
89850
89872
89877
89878
89900
89917
89926
89941
89948
89955
89966
89972
89980
89988
89988
90001
90006
90007
90037
90048
90061
90069
90074
90091
90099
90108
90112
90151
90157
90170
90172
90174
90191
90191
90196
90201
90201
90205
90212
90217
90217
90226
90227
90246
90256
90258
90270
90287
90289
90291
90293
90304
90305
90312
90361
90377
90384
90390
90399
90417
90469
90471
90476
90504
90541
90541
90548
90558
90560
90564
90575
90580
90583
90588
90594
90601
90602
90618
90629
90629
90650
90693
90695
90698
90703
90708
90712
90712
90716
90742
90743
90765
90793
90824
90824
90831
90838
90868
90893
90903
90904
90940
90948
90955
90963
90973
90980
90980
90984
90984
90986
90988
90995
91012
91037
91037
91065
91069
91088
91102
91116
91121
91133
91133
91141
91161
91175
91197
91204
91210
91242
91266
91280
91301
91324
91340
91342
91348
91350
91365
91387
91408
91414
91420
91424
91426
91448
91455
91479
91502
91513
91514
91547
91550
91557
91565
91599
91610
91616
91618
91630
91631
91660
91663
91669
91686
91696
91714
91726
91739
91743
91762
91766
91766
91784
91787
91790
91793
91799
91807
91808
91809
91809
91824
91838
91840
91853
91853
91887
91905
91909
91922
91926
91926
91936
91959
91972
91975
91988
91993
91998
92030
92037
92054
92062
92065
92075
92084
92097
92107
92112
92122
92136
92142
92143
92149
92155
92157
92169
92174
92184
92190
92207
92212
92223
92253
92254
92263
92277
92279
92283
92286
92291
92323
92330
92333
92353
92361
92382
92387
92400
92410
92420
92423
92430
92447
92450
92468
92468
92469
92469
92508
92519
92520
92540
92541
92545
92556
92557
92561
92579
92582
92583
92610
92611
92623
92624
92639
92643
92661
92662
92664
92665
92666
92676
92678
92684
92696
92697
92730
92732
92742
92742
92755
92772
92783
92791
92793
92799
92831
92839
92840
92849
92849
92857
92861
92869
92874
92878
92881
92893
92904
92904
92917
92928
92934
92957
92960
92962
92963
93024
93029
93034
93036
93044
93076
93090
93113
93128
93139
93145
93146
93149
93153
93177
93180
93180
93189
93196
93219
93220
93227
93228
93234
93251
93263
93269
93282
93301
93384
93386
93387
93400
93423
93429
93430
93452
93478
93487
93535
93538
93539
93594
93597
93598
93605
93609
93610
93617
93631
93637
93644
93649
93665
93678
93680
93680
93684
93695
93720
93734
93735
93735
93738
93742
93745
93762
93765
93781
93786
93790
93795
93798
93820
93834
93862
93890
93905
93907
93928
93932
93949
93963
93965
93967
93967
93985
93988
93993
94003
94018
94037
94038
94045
94063
94068
94073
94081
94084
94085
94091
94091
94108
94120
94126
94138
94140
94143
94158
94161
94207
94212
94223
94227
94233
94249
94250
94263
94324
94328
94339
94344
94353
94362
94369
94384
94387
94395
94418
94426
94427
94432
94439
94453
94460
94498
94501
94517
94547
94554
94568
94575
94596
94622
94667
94671
94675
94689
94692
94693
94700
94722
94738
94747
94764
94781
94799
94811
94811
94813
94829
94833
94838
94851
94882
94883
94889
94914
94915
94918
94948
94956
94978
94991
95009
95034
95069
95082
95093
95099
95107
95126
95139
95146
95180
95185
95197
95203
95203
95216
95244
95252
95277
95280
95283
95311
95331
95332
95337
95337
95359
95364
95384
95390
95419
95430
95437
95464
95467
95487
95503
95504
95536
95555
95562
95585
95595
95600
95617
95641
95657
95673
95674
95689
95695
95701
95706
95716
95727
95758
95764
95782
95790
95795
95808
95825
95825
95828
95830
95845
95869
95891
95898
95902
95925
95936
95939
95958
95973
95978
95985
95989
96010
96018
96031
96040
96052
96056
96063
96072
96072
96090
96093
96106
96106
96112
96129
96149
96169
96173
96177
96182
96183
96188
96199
96209
96220
96227
96240
96245
96249
96278
96286
96296
96300
96307
96307
96314
96327
96335
96341
96343
96364
96386
96396
96403
96405
96408
96415
96422
96435
96461
96475
96478
96496
96503
96507
96520
96537
96552
96552
96555
96594
96596
96600
96602
96608
96608
96641
96644
96661
96669
96676
96678
96692
96702
96709
96711
96715
96732
96737
96741
96748
96755
96760
96761
96776
96782
96805
96805
96822
96827
96843
96850
96896
96908
96911
96951
96962
96963
96967
96983
96988
96999
97003
97054
97059
97064
97068
97069
97073
97080
97082
97121
97123
97137
97137
97151
97155
97160
97175
97181
97184
97205
97209
97219
97224
97228
97238
97242
97261
97261
97270
97271
97272
97274
97281
97284
97325
97325
97345
97346
97354
97360
97370
97391
97393
97396
97401
97403
97417
97422
97430
97445
97447
97466
97470
97476
97487
97495
97510
97515
97523
97528
97536
97536
97546
97555
97562
97572
97575
97577
97587
97624
97646
97660
97672
97697
97698
97703
97715
97728
97730
97735
97743
97745
97747
97755
97761
97764
97772
97781
97790
97804
97807
97807
97816
97816
97820
97823
97835
97838
97846
97851
97851
97857
97857
97864
97875
97886
97886
97888
97895
97909
97909
97928
97935
97940
97950
97958
97964
97965
97980
97996
97996
97998
98016
98017
98020
98033
98040
98047
98049
98052
98063
98077
98094
98108
98113
98137
98143
98147
98171
98178
98183
98188
98188
98197
98248
98250
98265
98268
98274
98300
98306
98307
98318
98323
98338
98343
98356
98366
98367
98375
98395
98416
98423
98425
98463
98467
98472
98494
98536
98544
98547
98548
98550
98554
98556
98562
98569
98576
98584
98592
98595
98595
98604
98616
98619
98623
98628
98636
98643
98647
98652
98676
98685
98701
98716
98754
98759
98769
98775
98789
98801
98803
98806
98818
98828
98846
98854
98858
98867
98899
98904
98917
98924
98930
98931
98955
98957
98963
98967
98968
98979
98992
99001
99003
99015
99018
99021
99022
99039
99041
99048
99074
99084
99093
99096
99098
99111
99120
99132
99153
99169
99182
99188
99193
99193
99212
99225
99231
99238
99246
99257
99270
99270
99292
99298
99303
99304
99308
99313
99313
99323
99324
99330
99333
99349
99349
99355
99362
99368
99369
99380
99399
99401
99412
99428
99442
99454
99457
99466
99473
99490
99499
99521
99535
99536
99538
99541
99573
99578
99597
99601
99616
99617
99622
99626
99639
99643
99650
99663
99685
99687
99705
99712
99718
99742
99748
99800
99808
99815
99834
99837
99847
99847
99860
99869
99886
99887
99895
99897
99955
99963
99978
99982
99992
