72157
98378
82004
54837
14328
41682
63826
56121
3914
35952
60873
13807
85080
690
52327
91525
26196
54924
33370
52527
3586
96713
25776
16123
31729
4467
88276
96165
45560
54926
56902
17716
69655
55258
88904
83982
13291
52729
56455
33556
5032
33679
47363
6464
34368
99689
97988
76915
70964
31357
29442
74549
44422
71569
7024
76150
76035
11651
88667
37946
82928
61920
72013
52583
17177
60916
52916
46819
29996
25722
80375
51379
59400
27737
57842
93768
43777
72182
70682
14741
19890
16475
5641
64311
4395
29016
56813
80429
40666
45479
34726
23594
7398
6738
92528
40927
84005
61795
87745
14000
87517
68119
81731
63268
12207
39572
73387
72336
28105
60421
3428
47995
76895
25420
12305
81290
54436
85469
78070
11453
30947
12796
35046
54697
35885
43925
95623
19890
5720
99719
50241
9588
67838
31971
72855
96396
87895
46242
85083
15999
6662
88510
80345
99908
13930
9002
97549
68365
94470
75619
96169
41769
4766
31215
96465
40650
91491
92087
76891
97210
91805
27132
6797
75994
75454
96004
88742
63348
42245
73824
95699
65258
62334
92395
65165
92615
1396
62714
77331
95866
54684
73499
37634
59449
21065
50450
16450
12556
42536
9693
9765
50692
36824
32914
43038
28629
28917
31779
8329
87513
21954
4027
52770
639
96421
34286
93253
14169
96999
86935
26386
51682
60434
64019
27482
81498
14468
60284
94053
73355
69976
20170
40398
23151
69435
83435
51779
14703
31565
60107
18567
53519
80485
71336
54157
93258
5621
63762
7426
18972
50696
33811
87005
11129
14181
14487
8979
45000
91122
19383
18354
61097
39552
75103
599
25338
58538
52377
40040
90102
28836
58606
59972
9320
46293
14129
2577
68266
94242
26354
87237
44937
60164
74241
56066
90696
5079
81396
35695
96200
778
70400
73648
56682
45503
74246
82019
20392
42975
38411
26845
71810
13368
86817
97481
59661
17297
58
44278
11538
42763
31514
72826
19279
22106
28891
9974
43537
26638
62021
56088
27416
48772
46088
84097
10626
36685
82467
31017
79659
20877
74214
67820
34245
77382
65301
10257
11030
81710
54534
38919
40824
2399
11744
60102
40856
40635
86428
84392
83624
48448
56832
11039
97219
2919
11487
24197
39603
93954
55213
35614
31182
45778
19785
81778
23159
1437
8386
34188
83146
62919
73106
40322
81669
84850
423
22525
41836
86850
23268
25459
51649
96451
52850
65220
99369
64336
89416
55324
74641
60980
7289
5823
6758
27073
87600
29916
28510
95986
80456
28007
75256
69913
68328
73277
71114
85103
12153
12949
71952
51772
54760
39953
48223
7609
5172
63943
88296
94587
19266
62937
55566
26554
85111
78675
53627
72710
8591
98488
85047
5398
26494
76655
75310
11174
49931
46424
96276
78435
75724
84579
30206
46835
24531
78428
70795
29702
42371
59091
40640
77988
38379
12558
4542
23489
91232
74520
12550
16174
73007
97597
21571
15852
90603
13233
27025
56885
76008
39652
35319
51731
24231
65524
98566
48761
60304
69360
94815
2674
44802
51806
80661
83180
64363
1554
6668
55595
76073
19218
71768
65431
33166
9691
81283
40120
22923
24659
97004
98930
64311
32322
67012
88541
14197
81929
53653
74500
67641
48467
93525
12442
16625
74186
11974
80987
75739
34993
52933
68164
70562
41053
33594
3727
50743
31228
60198
90017
55887
57201
5298
20197
5874
88661
25089
36423
70590
78741
10922
38230
43560
4447
67023
76536
94984
78996
57522
87074
13989
10455
55237
84550
51507
5183
4629
18601
52762
64826
8617
8648
38379
30266
45196
60604
18926
86636
97026
5867
81729
24300
44096
41640
45098
11119
18175
56433
6466
75696
43506
36806
2502
15095
21356
70360
36629
42336
88960
89390
23513
13928
14390
78243
60545
75937
38847
79471
78925
52224
85337
60653
92875
45785
2292
54324
73255
36818
10756
79720
12513
70614
16526
31367
2060
54233
1726
55040
12920
7038
60781
36432
20965
91522
14675
81510
67459
69873
77332
62735
38448
79020
23387
31323
24804
42030
85646
14410
78847
12754
94130
7711
99719
27007
55429
1778
97591
57155
73169
10510
64192
33949
46941
1508
25471
77967
99369
9281
47839
76700
72015
86287
55720
11753
33961
96875
53782
35958
11285
48980
65063
21766
73042
64781
65124
28471
82910
62714
1977
56078
89575
82520
90027
36515
84027
31849
30834
99748
41129
95024
76447
29495
97662
48518
41247
31622
45393
11380
83932
73029
76711
48994
11146
49752
13775
92621
94574
13036
55334
12902
69114
61260
95421
75492
97774
95800
23692
44959
95547
81172
39983
88345
10666
37644
36863
51912
69266
98607
79643
69549
87987
56353
18542
99132
6104
48668
91752
17030
61704
63437
29931
30817
24696
41704
22660
38821
37503
46351
83780
49401
27522
40114
37745
54539
77757
90959
6450
63374
89565
86092
32922
77551
58796
51464
93034
64899
16483
1137
98280
78186
80925
28211
25354
21972
69914
64365
77145
23768
10715
77276
89520
54588
17389
43616
9126
95145
34575
31927
74871
40491
34370
7792
34394
93165
75607
43779
74416
92090
44916
72695
70275
42192
17257
11981
64164
87170
76345
41308
27289
3412
34935
33160
57999
52323
76776
83477
63819
27702
15403
38689
84544
49773
46481
35289
59289
22087
79068
33704
30528
40335
6399
17155
82526
23655
29135
63041
27177
21831
20700
70817
25242
55634
3977
99593
7956
97104
83069
71775
41157
98471
10463
25700
64595
73295
60989
23884
11734
56408
73939
42261
96742
80337
75767
95619
20344
21253
75012
63872
43084
95711
34688
68325
67697
55016
84269
75652
68471
67337
63778
9627
82160
90593
35327
46754
80239
12667
86989
91972
69074
60928
50585
82167
57616
42703
77785
77959
63956
69148
58182
7039
64859
9222
91715
48907
64237
75984
40910
32708
59672
4688
58686
41831
11632
94012
88585
8222
6678
91925
16546
92103
52852
67130
74269
10468
26184
68406
4778
90139
37553
62960
13529
18763
72181
21596
67669
52769
13931
24931
1828
73602
45970
60514
31785
57601
70877
20369
82174
93907
12293
98719
86009
81497
82200
76630
91964
8384
45035
13093
14874
98939
76052
28403
34054
64584
66350
1722
17353
96632
26652
19180
86585
72621
96045
18369
46573
66922
55089
28747
60828
83734
27465
46836
65230
26017
23465
73545
34400
84851
86637
49273
83790
62689
94027
17843
27272
76728
35916
60976
73359
78920
96508
59944
67892
92552
78312
30817
59473
33401
75915
36652
17134
19731
83488
82363
45747
23304
55907
80146
24507
58895
45771
24648
21583
39797
42490
65207
16525
94757
26182
89883
90028
22689
66178
74272
15241
44490
5088
91065
94242
97354
27717
11375
17084
27556
10089
62831
67211
82347
59328
91717
41241
5098
16364
79176
61247
75205
44382
77771
86314
86915
84005
76341
9604
50183
50612
41196
11024
72051
48612
5265
69404
76328
32991
2840
20235
59431
65670
87446
41777
41349
95514
99369
46447
11878
78544
7693
3434
39277
1815
89747
26192
2171
82440
52147
52353
33051
9694
79728
21454
74657
1344
7209
67337
50686
10048
87571
10116
75717
91368
68244
17066
86882
67613
79864
98759
62508
3908
18544
18137
5722
8291
60680
7892
90730
29178
76597
40132
38871
72676
61585
13527
74020
68794
80863
24705
95193
84786
34821
70910
76153
19416
4327
63034
3380
542
78144
65888
4449
96688
376
26522
21330
61055
34413
28411
90232
27361
68542
45454
37
46479
75332
90408
31624
72547
15112
26816
57332
66284
14077
49836
2052
18403
12870
5431
35296
7365
87670
39744
20404
88045
66265
41733
65451
17030
70143
72034
60742
55037
17487
77130
1515
9171
67537
49490
81717
99001
76305
55400
81636
6734
5235
83687
41488
34456
5470
76784
41821
93139
32879
78576
97536
99144
20309
62986
32525
6803
51372
9618
78191
68858
86748
96057
94380
70636
45546
92448
69636
38203
47847
67624
44936
69434
51310
86423
3889
73131
63206
62061
66270
96085
40637
63805
11580
77297
43142
60456
451
94513
70073
78642
79723
56820
74698
90454
27456
20244
82902
13443
58446
47100
81066
19733
16533
48728
6155
36774
21858
69361
15186
4479
81797
72174
84635
93376
65822
44129
70183
66273
38641
40255
44914
34715
13427
35963
25169
57234
56206
8070
70676
31003
71521
68094
50735
88054
16821
73242
41179
55030
58954
72716
59509
40750
44890
60495
50477
10711
4623
20659
76983
43264
77265
38248
94330
90691
74211
35850
47924
46768
60271
34952
94123
31792
3045
61209
36197
36217
34450
77375
91246
93403
66442
67106
50504
11331
27601
980
38394
32223
37990
31728
91838
15255
69976
2520
22297
60538
38369
70221
7305
98640
21524
17779
30431
24568
78988
66627
77136
13437
60353
68381
23192
26794
51839
73695
54477
95791
91027
92870
44365
29016
40949
36203
44270
27276
55074
82919
87813
93442
53139
11470
92081
74662
29248
38863
15581
24587
5489
92716
38024
82193
77448
61215
25339
29286
34909
79815
41428
25935
89036
85793
71303
29984
38347
31924
73612
93420
14842
77776
86861
84332
89245
78942
75345
34845
34156
90925
75783
39645
99992
13806
38189
77440
91372
63527
23077
42633
59693
80857
84919
48728
66649
56221
95064
4995
88145
68675
98414
19338
46450
85274
3670
52047
80567
79014
3243
14723
86291
79025
70719
86282
9183
8907
80073
554
88786
19502
43186
48478
358
28105
97206
67006
677
8621
88352
88821
93647
86765
8159
40096
88390
28180
8494
68957
7193
28088
31
93483
7113
87101
96117
16295
96007
76189
33200
84792
12042
92738
49622
28751
37194
46827
12108
37870
71799
459
43043
65445
87223
51201
21892
91965
95732
30386
77273
2924
58473
77303
12759
81937
64403
8875
14583
76761
1415
64135
77905
13457
56872
27526
42207
94065
90704
54315
31934
62502
71125
74976
27946
58348
42528
49837
50312
38259
96574
27584
57535
71399
21238
70293
69687
1992
79167
84270
78752
80581
48404
56656
10389
5275
84181
68948
15691
74884
39614
47624
53737
10738
38952
98034
85437
81479
47871
52100
36090
60796
96035
93624
48546
17272
63916
18233
19263
59434
18854
14367
56366
67257
87374
66755
88883
71555
35702
4573
62790
91667
68548
32879
2404
7499
30912
87841
5330
95134
39940
41419
55930
35975
35042
20827
69598
15309
39059
5213
74742
57912
19579
31107
41520
6952
97861
46754
94858
49914
51326
74000
41580
36226
6878
60336
43724
37789
48176
65405
49275
4467
6823
5204
56793
58216
26030
26391
73524
81441
47955
48265
55704
83885
79372
97224
7188
93584
43977
18398
43498
11655
92397
1429
47880
15626
61764
7955
69766
26291
73360
19040
47110
96534
40595
3902
54750
82977
46644
28273
64417
10950
76538
20120
94834
72261
33695
2022
65844
77672
20419
25693
89326
29167
27122
53557
61144
5237
77863
30909
47880
67574
66301
11341
64108
6895
31594
35209
89871
78238
63481
70639
5539
56370
7111
373
28630
40805
18746
10826
34828
55516
36518
40505
84682
79991
94061
45825
1580
88276
93085
65811
55849
59385
77151
36308
82632
8744
71516
88854
3333
51349
59493
8872
24070
82955
25596
69052
23759
44341
79877
74939
99856
16394
15443
84537
12737
9504
46713
14316
14131
39797
80126
69979
15534
73628
6287
98165
82371
94154
87018
85704
45502
62862
10927
69572
45816
36522
38623
85927
80862
34851
60865
80717
67596
92659
81605
80332
2162
44669
10999
16292
817
7476
2623
16350
81103
25261
14514
63474
19414
17884
65529
81268
97097
92807
67191
42913
29328
22165
45191
10189
57015
22407
7257
24610
15065
5213
21294
33579
49881
32292
66222
67049
56120
85196
83399
37222
10456
14264
17047
46222
32147
98927
27489
29244
91733
94679
88508
21060
16843
50050
47600
90209
88808
71208
14818
20224
92772
52463
70154
42652
1107
36376
26053
57226
37923
9451
94447
48379
23714
27846
94600
72213
26772
38440
17808
18505
33118
22667
55916
66312
89068
3516
56520
77875
74723
71337
98098
67495
40152
68252
26498
41258
20979
52550
98483
58901
78352
92929
23631
18418
20774
34582
90630
63898
73021
24789
82402
6138
63807
38317
72449
52874
58184
45320
30748
49259
16657
45197
33105
73160
29800
59602
14417
67130
28504
12899
42383
23207
22179
66013
41624
59305
595
48605
23202
73615
73393
5603
96105
37199
60271
84905
90072
18455
30225
37171
84065
63233
98720
17169
36392
28519
93122
50808
12001
21625
80058
54383
61184
2236
20395
2807
61540
37341
51412
1093
27308
24804
23047
23412
78355
83318
24668
84778
18124
71244
38301
2188
34476
37020
19356
87219
81890
12477
38026
93890
50454
34435
48272
11637
36671
85019
30795
14562
22359
82206
15655
49666
23362
38701
89429
18068
38370
30449
2845
72845
1692
41145
91384
36168
94516
27091
23386
76406
55920
77764
86647
22725
12198
51271
50713
65220
36289
81507
96134
74999
63713
28140
41017
3426
66840
30445
21493
21562
60893
40689
10758
78937
98186
2142
15104
92701
45584
54841
85458
1503
48956
72105
24227
77506
23375
74939
59077
59663
56446
55210
34661
36510
83349
75677
56287
66541
22474
77779
4454
99718
34819
15211
78654
33004
33704
10109
25705
79288
81302
11162
80790
30257
83266
21369
24114
22992
12659
83191
99006
69104
54752
50019
21965
38101
42047
78251
20993
64520
72381
25446
80590
23552
57008
75595
56555
90712
85704
82259
69999
83357
9773
67140
29965
9390
88508
54079
32382
1167
53621
31387
86622
8372
81405
24939
62824
23452
19541
83816
4323
8274
25613
84912
31825
82621
76859
88379
73332
62562
86990
59682
62270
96762
26821
92234
6151
31681
62664
54884
49199
16284
86271
52172
41008
84027
77110
3831
7478
13003
3999
28153
21276
29611
29416
53100
12231
6274
57830
85562
85187
44819
45243
47456
57932
88416
56042
80435
20096
18705
35318
85646
34989
37940
37817
75996
21967
31279
96178
45796
44281
176
90300
65556
29787
19716
35007
42017
42341
9188
43931
27528
70359
5525
91335
28290
10292
47376
25076
46739
66081
76746
32384
1069
14685
86553
93416
53003
17831
89593
15151
62111
89769
21802
44018
35907
41517
95376
94275
210
4563
54557
27737
74921
76434
19071
19563
86725
66447
44638
33464
48879
21383
82199
66299
52420
68751
59714
21774
86581
65658
53276
65043
71778
75078
9060
24036
32946
4435
18311
33155
25350
72867
60891
270
49300
96314
36184
52377
79112
80822
85840
27990
18556
84390
94288
87327
53141
70353
9101
39721
52362
62376
21116
24140
53805
30175
48175
86751
50962
82837
19905
76311
55704
80796
92932
21355
93461
29116
73731
72572
26289
75922
16913
44844
60312
27552
48523
13452
97904
73975
69524
50265
52702
90639
90756
6507
37166
55283
93257
88127
38119
13161
80789
10174
10308
73720
31529
3768
2835
21611
92691
29123
97533
9603
90319
74196
37154
38841
3999
51409
29167
73522
18026
81868
80513
8781
88374
34030
64063
81630
38508
18534
94791
19296
28707
21450
93015
76587
25218
12202
98198
17908
57676
12082
43863
47994
86277
81016
3186
90275
32425
32352
80148
50450
14220
77012
75582
2593
11041
55997
575
49548
74530
11717
85195
3236
33166
94562
79823
58383
6763
94372
92643
64438
6453
36505
28784
9081
33872
31969
99355
82648
80673
95854
49449
94892
72866
25031
13836
258
97379
30762
66158
71908
42478
51352
91495
75644
45913
87669
50378
69027
98392
59372
33465
4844
12228
62248
13924
46100
10568
29630
28747
91240
25484
94548
2483
98349
19578
32671
98606
33308
63432
64763
5215
5910
32467
13061
97905
78379
17082
48282
63758
15473
7654
97222
36669
36233
75821
50592
82332
2740
96574
27431
93980
22057
21978
12814
20405
57907
61836
35362
7566
25268
16477
12780
47529
48943
42192
45433
43673
75625
10066
7430
91098
34071
21003
27766
70304
13175
94709
68987
15915
91282
12769
26246
13338
51098
39059
50094
25356
895
1808
32921
42514
18284
62052
90042
83578
4244
51826
43602
79868
61891
51032
87317
95962
88386
15082
82617
1561
26143
51603
33827
17424
80724
60072
47114
31821
99130
13559
57177
16376
15366
90097
58889
50001
52149
65282
33578
72744
17107
77180
68963
95350
44563
56280
7663
49300
87713
90279
67212
13855
58233
1038
47631
38956
61109
94744
87129
76591
8302
44305
92966
40020
34401
68207
90020
2901
33488
23598
91996
66947
17129
60959
62296
78043
33590
69958
27342
21302
60236
94554
51509
34820
95591
99139
90128
56700
10234
77256
49642
34887
21560
42607
91258
72312
10813
81278
91565
60653
21227
83560
27599
54707
44518
89894
32749
78107
59851
60090
15761
36438
70995
67269
87609
66586
82759
77736
39637
9344
54991
89278
60582
92902
48236
51840
81566
75401
33117
73130
36053
70695
56689
80003
25401
17559
69896
58149
95665
46098
34590
27777
98887
5585
95045
2847
88522
94155
80583
44510
3498
51925
50139
64080
44827
14726
32271
26392
90126
65387
15873
42530
36081
72561
22532
77833
90119
8779
35981
2136
71228
86922
29912
86466
92506
41309
89313
97379
51815
86247
58240
55313
38171
8378
35744
99349
23104
68014
42092
29581
49752
57964
72111
2184
46877
10994
80016
36995
36125
32348
55482
23704
19269
1746
10170
11775
59406
15834
25505
11220
2080
83745
82884
56602
8474
18627
55951
31577
86640
98042
77510
52743
72358
65972
54926
19234
76965
34941
72580
29441
67288
28062
53145
86557
46159
79666
14683
5564
95499
56539
33135
97578
40283
16019
54179
48757
34645
26481
96685
37637
40875
74194
90379
13232
40165
61657
32465
33482
96597
5044
79274
80237
49457
32418
83145
11967
12083
14179
17530
23933
70717
67017
37862
27352
83035
8393
92460
34031
34873
5496
71667
92099
96042
78398
5330
52558
40054
54146
2391
53002
59190
81665
49590
24998
14082
49086
36965
42517
63264
70846
82801
50333
37862
20663
94036
37248
45407
2847
71279
80279
8342
42945
72378
20735
37694
94059
73293
94099
48205
75683
63453
23746
57347
13042
65095
87781
78480
18411
46649
58095
89257
29449
8427
43470
66463
18814
80718
11869
21660
51996
8500
46354
11292
80877
67088
65338
91287
56732
59436
55843
48767
39240
79588
22465
68634
61035
10245
47113
79445
56893
5207
68701
2694
29986
28523
69156
48799
25592
81025
86811
93939
89524
33164
5230
86752
16603
86919
78038
89687
62707
33881
38453
1946
29820
77269
70579
90854
3866
17691
70299
77110
22898
55351
79803
52883
225
48959
18033
25816
46335
4843
19754
35858
54358
24984
38961
87313
28254
16998
93351
90960
67230
48155
92906
13402
25423
63484
20607
29288
97527
7257
6398
20424
62608
86200
89658
62832
51510
7690
88648
97844
28885
24753
50053
99594
66088
89013
86906
94342
22363
80256
85301
5944
44762
94558
19345
70185
58042
56304
99472
55568
63560
22221
92343
42519
8421
98352
5351
76282
22393
10350
74126
51277
51454
40530
50871
17542
29543
54128
11883
51905
50736
97183
57848
95497
91741
93545
82033
66134
49848
81505
38053
13407
20077
30395
55926
44849
45098
77628
21131
67490
4329
11608
18767
55782
52137
85989
73323
98031
56468
1557
49935
23555
98740
24135
35404
6832
17679
17436
89317
67526
15292
27369
97284
35369
74115
69561
80217
19212
47188
1347
86701
67868
29306
21819
40002
81443
24159
29676
79473
96979
31233
45760
20533
29972
69894
72288
53155
3924
89724
42471
87801
5015
86191
85084
56735
76657
54645
36952
12220
18184
54650
15272
2404
308
37091
42405
81750
77601
72080
77574
90931
3312
39685
11464
49635
9578
83751
19141
29853
89826
77963
17653
11193
80505
2737
67927
57161
73733
21230
69380
8268
92232
84652
10671
92539
38094
69427
90640
32046
57859
84565
22977
77522
24250
50792
43509
50179
50894
62649
80032
40720
56964
97684
68264
37468
16772
36190
10981
90504
73772
80360
15124
82355
81363
42146
74893
35808
11573
81884
67854
85783
66448
90830
63304
90697
41621
23164
57228
92514
2165
37259
49585
59128
34942
17848
12947
51714
70390
23927
58569
44161
20639
73692
42867
18353
15838
17759
54161
43762
99642
38366
45896
82441
29195
25551
89490
87167
48715
46717
96032
50879
83975
45617
26358
35268
79816
55656
3333
50205
95935
78254
10717
16573
51945
53583
51277
84134
71341
5437
44247
87334
43802
90142
86127
89348
15693
75616
92866
80759
22332
88898
47989
6306
50866
90698
57925
30681
46353
61258
80886
42287
39511
91602
75211
7807
45185
26488
8293
32877
31924
52539
36563
92078
59033
22689
97777
91077
14656
90643
71835
36987
79540
36175
59644
30405
26872
17568
61085
73224
95177
58322
15511
34687
66276
90721
58846
11460
17208
67138
60688
65484
36028
13602
73913
95060
52642
71689
2488
67297
62331
90674
20635
58222
26848
80278
88626
53719
14198
66063
26943
9374
40736
58805
60413
7011
65877
19258
34822
83085
2747
95510
64920
38774
25463
38832
50186
78105
26872
52673
61753
89203
43347
82388
47424
70194
79017
52402
23913
9566
34816
67207
35292
75551
26011
95704
82562
8239
31313
17383
91323
34059
29244
72594
89184
71059
27777
39369
49163
54649
92042
27267
43851
51740
9654
7626
21933
5023
76379
62197
14588
11194
45755
49879
3097
88117
61934
2010
96356
9598
35744
4030
43656
64988
76624
49192
52398
4400
88560
1560
59048
96953
28826
19250
48692
54832
43228
70625
76206
19606
49173
7145
47152
94928
57024
50248
83044
35309
52257
79399
44907
4352
83429
4914
85691
76404
54105
38088
80803
59017
39647
56203
55969
84825
91804
4661
56008
35031
91637
32213
54637
40809
39357
18140
52088
12732
68387
35132
64393
36995
30882
25651
41346
14310
30564
27037
90713
1021
65124
87868
76389
21123
60422
32357
22299
52225
53369
78306
87256
61357
26870
58244
2166
82578
76383
54253
11662
61121
5736
76054
14467
36618
1704
55812
67279
48619
99200
74344
65991
80676
62211
58731
1798
22632
91088
24096
91208
60808
18753
94815
22165
61974
53058
40682
60903
45792
11286
72564
23264
17022
64969
37730
69991
83024
9894
37269
47995
9093
11612
13985
89768
90174
72716
7917
12805
80155
48364
4013
57314
83468
98827
79478
45441
68237
20159
6344
30380
31445
95259
53644
64818
60228
7725
34808
43251
17618
88428
91245
43063
40
21582
32830
90213
10649
57099
19370
7155
5462
39734
64468
88930
54912
43946
50722
39500
80456
57065
86232
11900
68676
56227
93069
28903
63951
27876
88505
97921
16304
96102
40983
32695
34035
90164
39259
44683
47262
74980
68189
69076
31065
32656
58005
85977
76601
8726
41828
57057
82143
28059
85308
50818
84285
78377
96072
64588
22604
928
62508
55259
13381
19842
87953
47415
26357
43564
8449
89971
34895
76637
59046
65960
25645
33402
68288
18597
58479
10115
92005
40621
54526
77313
7790
55162
72041
20213
19749
94644
21141
98608
66255
50873
34801
70559
14640
61158
14122
23088
51128
65369
16077
26525
31328
41721
59926
99615
60317
18404
26081
52322
75377
96958
45986
99518
52120
34378
19731
88220
45373
57223
3180
11627
8095
37980
82186
22734
15489
12659
62174
66616
78027
94602
9492
9354
36322
69417
25320
12990
4173
67753
81663
79549
64710
44000
79066
16829
78377
15148
21401
40102
72370
24580
51728
80465
62559
50265
19550
78048
62924
81723
61015
57302
92676
70507
83008
45349
56275
24679
74691
60447
92431
56353
56347
57141
16705
35413
90321
11433
66912
11721
51534
39282
36300
3262
36098
15211
69878
55647
9610
32801
53722
86976
6455
62749
57482
89462
8098
13757
30492
82788
90555
22923
55492
46902
80063
72196
98666
86735
99981
65577
98456
51514
4858
51107
71127
57307
82669
41005
29306
92278
90157
99379
79254
12963
62127
53087
18776
70224
83195
49268
53011
73750
72190
8503
20651
68604
97050
35668
55338
97030
1244
70145
64896
22454
21252
36022
96112
3920
93378
25417
12550
83535
24795
91803
96497
86922
44889
15273
73497
44436
64540
42860
18185
53081
51362
55187
21684
64763
90854
93373
61793
8449
63518
43040
47254
1121
79061
43366
21392
72439
85134
33941
72325
9929
42095
85173
13202
3336
16797
3050
47771
97688
45909
65955
50768
13622
21141
88803
78385
28346
82176
56529
53146
62045
99568
400
79517
78628
60117
908
67418
45250
34849
56094
71530
76943
41267
1083
80278
74415
4133
28048
72103
50041
10354
22870
63663
47846
28025
58399
76191
26552
14927
29337
88596
14494
46088
68112
9473
6204
69019
93243
67805
20219
49336
39335
97162
6954
56769
93791
81369
60901
38191
53471
27294
48544
92692
7308
12742
20716
65706
88932
47267
96984
34620
52214
27829
97059
36677
37301
19614
5696
30543
87419
42266
96231
43105
55779
19536
99873
49570
904
77126
4112
70726
20771
69007
63418
28078
81748
84133
10135
70680
47752
7118
21651
99965
51298
18710
36642
88598
38323
58689
35493
42093
954
48075
85197
56733
67610
1422
22654
68514
94899
43117
39239
15669
12123
19008
60098
93871
3141
70232
80902
67244
93701
18904
83560
44998
37613
20201
49947
92288
95241
1791
50732
12547
49865
35929
85631
17475
53702
8284
2340
48600
67752
41578
80620
79874
60586
40717
90096
80078
27300
87349
63673
37352
6253
47232
98701
60217
83785
48647
68856
79025
50438
19588
91571
16654
71868
93553
34128
25569
1836
36467
90520
85939
94397
87491
65813
71334
28207
72260
51411
71858
59609
31435
9209
65861
78666
7909
42429
62450
72907
11285
57827
39696
30872
65749
56350
2739
59302
90477
44659
77489
43296
51530
63428
37692
39020
45592
9025
83578
17851
76787
55435
77459
8221
64643
59671
3238
88903
18452
65688
78161
29736
23514
17857
76959
89262
74206
79697
64915
81034
40707
42404
24329
92236
5831
78372
31255
51422
3748
14832
69272
80534
86618
63083
5106
51260
39105
8344
56514
57556
74031
34674
87291
13896
68882
80601
19509
59439
76649
84424
40473
17355
26827
81153
9590
49009
59525
57196
430
79624
88379
86053
60158
74996
49135
65263
42607
4592
89958
99120
62147
80340
50146
65790
94235
19027
46390
30096
78466
23039
30871
35290
56745
74049
16442
82687
23057
92318
39882
39838
71942
44613
25890
48451
19608
91377
30065
62215
95968
20023
77686
74466
362
44183
40255
10949
79562
2997
57396
74379
26035
88266
9668
99131
78666
42461
81817
18074
51131
38051
74263
39424
82663
152
87874
18622
7880
34290
80836
20199
54312
74874
94665
71026
19056
34919
81974
14969
37915
39369
89347
80301
43986
99014
79432
39003
57827
77600
57076
8957
15650
47690
48380
14664
64193
52605
33286
72073
3246
30473
92271
73910
5346
3287
44935
40754
38206
26908
55722
92472
82628
45069
89125
42965
60434
68556
98319
18260
46155
71746
27216
78157
19435
91947
92820
83627
60903
26105
55699
80501
72930
64322
54410
78275
67608
99344
35380
22165
42603
91102
30989
41582
52522
20113
898
12955
88668
99216
47567
51174
70961
91134
45682
90395
99433
38502
74021
60335
80958
46072
57187
53887
26745
11596
48514
10704
27291
83893
32869
69893
91346
80209
27826
60219
321
28723
89526
5340
27938
37092
72865
98898
28225
18547
89292
27657
73400
79665
4344
54357
25736
77882
24596
52480
89478
73109
63183
16768
73353
12403
3013
64699
92611
30838
41269
92931
59561
30794
14622
87498
67885
87487
2748
12462
6033
92039
56470
79432
88055
77165
50140
13790
55047
74735
82621
44524
47843
62156
77643
21196
90910
97007
2246
99873
27845
43514
92803
87405
74308
23777
91254
58544
11263
94001
87357
33647
2392
43827
13078
90446
37343
79569
20588
92389
54304
19560
53264
18498
98067
47259
56045
88977
44265
58290
88849
72109
18156
98003
75865
92463
38131
83471
67358
49393
93823
54715
83039
96214
14893
12468
3012
52235
92037
39951
44624
62692
75862
14239
81189
73929
61497
37234
79257
5762
11875
84457
77870
30030
98811
70087
38844
36942
53557
6202
2686
47379
77268
85725
59945
92160
14544
62956
60746
22932
19258
5369
85623
11471
35960
83164
85399
97456
20397
81007
3217
32271
81815
97439
78653
80626
83877
17496
17567
37433
23697
36604
1163
964
22328
61107
9475
53224
40414
70221
92507
59671
91941
78130
71142
27900
77645
72892
41708
98041
70251
61276
46663
52065
75066
25315
49042
58942
42811
82960
96374
82859
19564
97537
175
58243
74995
26001
11466
15409
96221
3973
91431
4514
98454
78924
48765
76098
68168
6824
90490
38418
68100
37152
90482
43165
78819
39524
2107
37981
22483
14832
20839
42046
28720
37365
16641
3715
63366
28106
35475
59586
48430
26905
80451
46883
5829
45568
39332
73996
52391
29821
28765
20490
83325
35598
80007
78495
91473
98465
16475
13956
13296
53665
72353
58368
91030
88993
62082
54395
33451
97556
30332
81880
40812
10783
45115
62992
56350
798
36987
8740
30619
82103
45582
30295
17701
25588
8789
9173
24052
25263
39480
53699
78927
28185
28418
69956
33529
90499
40702
66979
4406
71034
65211
61570
98168
26677
24561
70869
27474
77900
95960
58092
60002
41541
88386
77702
83480
97174
3227
23883
38788
42706
93934
17715
70890
22351
4022
4419
29202
44724
87749
49959
32109
52959
11528
30276
79635
52441
1144
23461
30340
97103
97904
6693
54996
2642
747
54827
16167
3973
78710
54955
46678
72643
89021
33920
94993
93042
38338
24194
54117
26086
90505
86225
95397
2032
32852
91383
54472
50347
14843
1163
63802
12747
7856
18797
15388
24954
73623
47906
28926
68684
2860
91955
41326
91880
25874
52671
1274
80563
93216
71742
23001
83720
74319
34749
2104
7170
26131
56575
73869
57326
74090
37670
70072
98297
72818
1811
23250
62792
49716
68527
31476
68928
76833
89153
77159
19059
41823
94784
99621
51391
66526
38973
35110
57196
73721
37213
64365
99852
10140
54585
73529
581
92254
43600
98877
81423
61762
38478
44215
27829
7004
92042
13108
188
81194
90267
19246
39369
85050
18867
90759
67927
74191
42220
25122
47912
95785
5839
64115
5924
60423
37643
22856
69029
97594
21732
50451
75707
76561
94665
19887
99916
3058
32995
103
84252
23261
19349
23620
24662
54567
30730
92589
28757
72949
34062
93020
68733
39900
73486
91008
323
27480
13863
85703
25073
51946
36153
17131
44858
47170
37018
44773
50227
70012
61228
50830
9624
80576
74449
34285
51494
21530
43225
80250
94479
77287
89622
79563
17186
63107
70571
33860
90587
785
35914
32011
52731
72067
49142
13940
35588
86159
58713
2166
72522
19940
52996
82145
16867
43796
16429
68360
65326
76006
64961
76156
53292
54582
55718
86829
34041
26288
37041
40979
43425
72954
72989
12507
61372
38482
26446
13311
40992
85158
15477
13513
21449
84824
95657
38315
28619
28438
23026
10296
4443
87987
86451
74086
58920
42169
77266
9312
84808
14306
50290
44584
3612
39631
57090
81335
78112
83536
10998
35456
85045
42826
48968
6494
44001
44625
61160
72619
73062
538
99267
93856
88524
2069
67941
63795
60589
45206
73107
61749
75864
23396
6332
95827
79378
63422
93513
73842
63309
20862
9297
48353
63687
58264
71198
7687
2888
48710
96658
92301
49247
12276
2508
54122
14344
86800
17916
74933
32006
91022
36681
24221
30770
43012
36399
10147
22785
46263
83988
86093
67125
93284
34446
47163
51548
21995
71202
70787
70704
84211
79440
36302
96486
81947
90423
10829
68747
24691
85761
17104
32064
38793
57676
62833
81805
10426
89332
4589
73040
73319
90682
40164
82955
41479
3679
50854
79825
74880
37992
66881
75442
17431
3182
71927
15730
9957
82755
828
50999
84868
34283
83062
23660
8310
45895
21816
18735
35226
26405
91774
24896
33438
48290
7850
91268
68320
58703
71092
59551
13047
54324
34992
30477
73858
6918
62558
166
6024
63385
51164
90891
14019
34225
30903
22328
80119
52718
57414
31696
95474
49188
56592
28911
13829
80793
36530
98500
39496
23974
58050
52542
78297
93041
99370
68506
16310
78280
68671
22333
41664
19834
29576
72035
54059
76830
94362
50529
29547
51776
82225
41373
17315
38816
86635
47495
35960
23165
45994
91807
47138
4043
60700
41786
13435
60070
10292
29744
38349
95314
68428
96364
15148
14355
68398
85558
91184
79112
36086
37083
30887
18310
78455
64553
73477
65089
12047
25789
4605
74392
17595
68094
78434
78295
9880
8220
38364
36523
54315
93064
31836
22742
5779
63335
53449
90529
48892
60984
69640
84978
14418
16878
19639
9224
97782
9468
90665
9828
35256
95269
571
52850
63363
79004
31144
89594
3575
85859
26116
57889
95274
74303
96982
1053
37638
66782
91581
86529
27766
77572
87858
42183
10801
23849
51407
8582
49668
42071
34761
84923
53691
35331
54124
17053
30686
1620
22998
34260
87478
49113
8500
99104
39768
5481
156
77405
72263
8088
80285
16380
2011
84495
58562
12811
24695
26320
21392
74362
84742
56152
75636
38433
7834
29759
71837
38519
31378
94835
89130
35208
60299
97629
34311
66
19461
50818
93822
91723
58905
90459
8102
60915
91305
83016
90077
15999
25687
11468
90360
10429
83971
65995
48861
91804
95753
37049
30322
43483
31883
19451
95042
92182
33431
45704
92247
52891
96521
2421
44614
71777
92879
69067
49043
84183
68434
39119
181
94121
50586
6892
20901
50908
72886
86113
42711
84990
23161
89384
44824
55044
25186
39865
47225
58616
85568
55823
11506
98440
58243
72471
70216
67473
57890
19258
51655
26323
58376
68187
36795
25313
75078
57695
92572
47963
43807
35282
49305
66968
24665
94128
38363
66202
33993
85587
24817
35912
57761
36323
34352
16004
25145
4567
83476
83034
40177
51483
25709
14904
19669
78855
56569
94747
52902
49140
59061
96708
84422
8365
80027
25438
2493
18389
91640
52837
20327
32808
5100
94440
85482
55803
26795
10627
60370
26622
10012
16898
78104
35720
31801
97773
30927
88369
8871
83828
37509
67931
80535
38282
92648
76914
63719
11492
11654
71710
80680
48333
4518
85779
42772
6351
41582
69566
16977
18303
96187
26989
35200
74291
79060
83352
88415
9986
88073
13637
93813
25581
97919
90700
80214
90566
83965
60284
18409
95618
31994
99088
43950
52863
1219
3073
59213
42800
72638
92542
77454
85177
19530
29005
59467
14941
12356
64233
24927
428
94221
35091
42360
92139
42142
22573
99057
26106
82857
17465
38076
31202
32905
82025
84064
34123
1450
59628
93274
74087
52169
70727
59263
88050
16083
35081
2991
28438
15665
44269
45218
26237
95711
3929
18376
37853
26502
33784
63958
25710
51248
18385
56911
504
16762
57326
34626
18211
33305
44251
8649
85474
14977
84264
89875
47411
35696
92865
75849
51361
53485
37418
77597
49196
41346
12324
3400
84199
46107
83709
26260
13707
2094
99522
14210
18855
56847
65188
37065
90152
9438
45713
91977
40767
29976
81851
88177
65672
91068
80377
33384
60904
34146
27332
26451
91844
39656
29850
92394
2114
29911
18654
32172
32004
18175
62734
67210
91374
27921
4274
97877
53710
66338
89853
10828
12666
88055
99005
94689
95474
95733
28072
56378
29879
71755
82828
21722
11410
29030
14115
29876
58940
49120
62047
90943
67295
41132
58152
58668
69052
78777
56544
39114
45114
62748
49941
74131
67154
65297
68819
62628
61030
96890
19005
7260
68645
18184
45333
96406
47213
75799
42633
6152
24919
21032
13446
8565
62163
87949
67232
47567
66725
40127
86680
28191
19226
52972
18673
86379
18269
87492
49006
79298
733
84362
2909
69377
2546
48241
82135
66110
24039
24767
88614
48957
62150
18411
57521
24313
6360
41104
71879
89436
97582
74910
33978
16807
27881
52651
19538
46149
40142
84895
41798
40874
69257
44706
26603
88154
9298
25089
54263
33337
66207
59228
98645
28357
77639
72518
52669
83998
29973
40899
89785
27555
15808
23763
60713
60040
92765
80250
22541
32906
65145
64338
90131
50753
25396
33085
38906
34693
58173
9520
68029
24380
68748
83026
52736
62738
55543
21756
63087
85515
62654
52871
29421
94813
92985
90134
71204
85749
86735
93744
35006
68231
58082
25137
18983
99829
58221
74240
34521
32746
112
18902
57125
68859
1927
9860
47948
73821
47967
11034
75687
26972
63904
5108
21784
56889
11593
92987
58989
98327
3083
93995
66558
61164
35483
1892
77344
10055
76132
11864
42800
76243
47117
99924
61453
65395
26135
25752
39215
90453
36785
14902
17424
688
36361
39207
73928
47953
48546
32917
46279
51628
43263
29188
29143
78745
47432
6486
88799
23563
34701
31599
16157
98170
47874
93961
63564
90361
19712
19131
80813
72848
34032
98237
89887
86744
53795
63815
34696
18692
13083
80974
70319
56345
26514
15813
35089
73945
38650
23887
13859
89703
71837
46367
87872
19711
56679
51435
26423
92742
70565
7235
65589
20948
21823
55475
7691
75618
35641
42386
94309
48723
39712
80980
5067
82577
13144
56507
56521
51794
96746
70379
41496
68582
33097
29367
4644
89775
97153
31066
82516
67718
54653
64456
5017
76475
19930
12708
52092
55571
71445
62753
20645
27508
43732
42064
10084
56875
98570
66604
25020
11667
53334
66515
80249
86430
12233
1244
92556
9386
48662
91423
93455
3314
55878
98471
79788
75808
27530
48232
47730
98975
27336
68374
42834
71067
10437
52918
44293
25359
35873
85665
37025
5559
52179
17273
8340
80764
34869
896
90149
83530
92318
83603
86843
64548
98425
82982
40355
25955
47565
4436
41281
74900
72809
84114
62318
83246
53383
22963
8604
89256
8627
45628
94814
77157
79253
3153
57920
30473
20400
64420
14002
29070
64374
17196
93617
62799
16529
50323
88753
64094
54758
46385
55345
27566
46850
17663
27163
233
56977
52118
5840
65603
14098
17005
59111
9702
20157
33383
40174
56909
97802
54175
85978
78528
87722
95946
41326
4250
46268
46430
84695
1025
92814
40040
44942
39663
74054
88457
56247
47382
40574
62086
29336
71023
79090
88446
80724
15599
21828
20897
72507
35982
91423
74836
14509
79144
70781
72186
99746
17048
18615
84440
34424
27780
40831
95717
83794
31236
84173
56393
78617
41099
18478
7952
12121
13920
12750
92845
29518
50929
30093
18376
86910
21516
9563
17770
659
80343
6307
404
13742
41273
1196
64517
85404
58378
60233
69198
89614
60758
25590
84582
1856
60419
92534
13976
74338
5283
23172
20207
56211
53265
54934
59473
91132
64496
93594
8142
44838
99901
24898
74931
41173
26093
39447
26577
84470
16032
12126
90435
76789
54067
75017
78644
14485
83902
8971
5175
89184
48495
25381
61746
18111
96667
21218
9242
61162
31164
17383
22352
31064
42280
97282
88588
84724
53081
15164
85546
69112
43641
92332
45900
97707
67348
40895
12192
51249
66217
33718
56784
14711
75450
18530
32821
72116
56099
58414
33278
87262
92149
55629
34677
50780
69262
23265
35504
38694
54780
37401
7805
98421
29732
70056
96127
13432
27302
24670
64680
93519
74739
37816
8229
50189
72697
57402
22304
28795
15815
55581
32409
24315
27561
83437
75095
13175
23053
10598
51868
77833
64350
76025
92605
10433
46080
5083
23864
89734
46105
4896
83252
20843
42711
7832
71031
15407
81585
93335
60553
13752
65267
9313
38066
9180
92750
13160
22354
32154
40109
90573
9986
4458
66597
2590
14891
29029
24025
55106
18762
70129
60001
18365
90971
2711
26196
78354
34469
24133
88040
95022
37884
53306
4334
75949
78837
13435
89109
1190
45589
45569
91763
71926
66379
74711
90868
97621
3739
14892
52726
38852
1372
12727
57216
92342
15437
99764
70695
49906
23896
75086
61279
78131
28392
81964
54079
7228
95399
59539
24770
57339
5108
32884
45616
87838
23946
36483
85458
27685
67726
38183
66536
69097
67261
40104
77791
82698
56219
64837
48955
80114
39923
26585
58244
68314
8548
28674
91893
20298
4565
33014
93988
26024
82249
39604
13861
6195
76086
99318
33879
60164
53852
16766
29260
21113
73221
7050
20162
29439
71887
85468
25904
11809
12052
499
96474
36951
45525
4718
73601
50089
37732
67588
76112
36332
7191
6324
42526
99629
5641
92756
59792
75844
25874
5403
96956
99094
12453
17117
44885
84339
18936
70788
12499
47339
87639
8972
84290
33163
13689
57890
83251
67772
41829
75714
4104
49020
82037
46629
65000
4029
55737
41143
79872
81610
62897
76828
97055
75349
10296
41939
76039
45584
12727
4889
92922
16717
13860
77211
49879
43901
51452
33129
28024
93281
8842
48479
58652
90878
11460
40003
94906
67196
97497
91129
48805
60393
84308
45859
35742
10956
4150
28132
56539
33228
33021
49460
49944
63232
43023
99822
7132
94474
32950
51508
4106
58143
99986
62757
65372
11445
2759
76629
78640
255
67757
43796
60648
52065
6007
12741
79372
10156
40872
35910
43383
90244
1721
93326
53476
44743
93147
76959
55569
42448
28466
59674
16942
28452
38783
82313
56248
41541
75293
34888
58148
43049
95035
35147
11465
1041
47887
90836
27548
5110
43097
70930
95354
44818
80607
65181
5912
90105
42139
61480
32552
70605
37506
65845
15408
76288
48157
88007
34180
39801
22894
92327
82850
34281
43825
10666
51673
8063
17854
79221
29525
60950
50150
24878
22119
47109
6410
28031
37213
48548
5862
86117
35504
43367
51961
67263
36006
16470
55270
70186
56270
94515
78864
55471
28795
22689
82489
80468
30751
342
76040
60275
77643
42541
1504
99762
89649
7913
44144
26862
72813
66357
29330
24668
26076
97642
91931
62081
14111
47200
32266
86733
58066
11130
58555
86861
50170
41043
83680
80920
57736
59719
57547
35379
18611
75402
51492
8260
99667
11987
51473
72479
78343
80802
97146
4418
78443
5428
66499
8906
68979
15116
11990
27045
42597
70544
30257
92766
27939
30288
73686
85674
6358
47584
21052
24968
22985
72543
33227
22651
881
84699
11481
79224
81852
24979
99993
76647
30406
82843
85552
15737
97959
97541
42781
40555
84436
73037
33321
12374
19676
23358
98048
26033
87293
35451
51000
10277
24346
579
49280
25226
85277
77112
20801
83481
2090
20794
60127
48848
3636
45678
64584
1594
59570
23716
58501
60357
13104
8173
89083
32779
47882
87130
58811
35174
38932
9810
61802
63277
10388
27433
88503
12017
4545
9303
95497
22986
46448
71975
88185
50084
34004
69120
68029
9925
92835
42881
70281
5938
51053
59363
38716
98934
62844
13878
50459
1776
40040
12261
65052
66779
39693
69906
78795
60589
95561
90643
83575
58360
62617
88111
8443
12972
57231
92824
22896
50065
35704
93177
72355
86757
68891
27422
2042
31735
41300
52501
49862
81339
81113
31265
48117
37157
1171
43264
97746
13083
50258
97672
71442
29227
85782
96237
42198
59364
89060
65094
9429
24763
58270
98135
27871
43512
25556
46265
75246
83207
15117
25107
80897
96229
56372
45366
33385
73894
88629
47482
3328
55238
45153
74769
84464
47287
71005
26662
6650
76416
91755
32430
17531
66376
30564
45401
9887
72472
8017
1485
72030
23133
26591
52927
19361
99314
98292
69098
89559
3272
16579
92886
58509
61732
84007
42973
9018
71363
85986
15667
47779
77740
48097
65309
60467
95012
27061
70353
83835
35078
88189
55865
58210
31132
8791
93923
30445
23434
63020
36356
26705
79598
29241
1565
41329
29599
60889
66698
962
46874
98717
48740
40965
63165
30400
1431
58176
57460
88136
58363
92537
76324
14227
67099
7455
39369
61021
54252
62802
24040
6959
5858
3637
52551
7422
61318
82150
68311
28015
83111
31536
43083
48202
72501
6247
78601
90283
80775
36060
94770
39137
44949
87446
53363
12047
11252
92731
73067
81855
55532
97106
88813
77741
17094
41364
85162
78411
39865
69824
22778
22975
1360
65860
87528
90212
72107
66128
96846
52881
18539
91616
8369
63487
79061
61731
75533
90312
70813
64951
72167
42696
78408
60979
20436
95502
18694
21949
90264
58558
91773
13041
97884
9484
78901
85411
16047
67359
51538
12892
36591
70077
4507
44959
49915
83567
23041
25448
90231
93853
6750
62397
36548
85158
39727
73335
80659
58421
95283
70922
33330
3407
315
31214
29242
95567
16624
45288
62925
84514
58180
99515
70942
62686
60825
20856
62605
83865
46303
52835
94069
69405
31583
46968
54562
87661
20302
51572
46081
31936
38845
95763
35343
39159
26976
64584
34725
59951
9872
97649
60816
84403
13515
31757
47088
90691
52613
26044
74555
15267
95230
68623
84671
26812
15590
39232
14473
52243
90803
76905
84179
29648
89019
35873
85158
15994
16808
19883
92297
26679
33883
53112
27433
63750
1221
90873
54440
53833
16916
45347
69099
12146
30321
53770
55309
62263
9353
86133
14505
156
79390
15035
46155
68408
50907
47664
754
67715
83898
93050
10745
34133
62513
38178
97882
63733
29050
68673
33917
62317
14019
3016
90814
60692
73137
46123
22954
82489
48607
37458
98996
27996
52493
61502
96404
3399
9166
97157
87465
93063
6558
98210
27195
85422
52739
41428
65507
98140
26453
99423
60456
56823
18790
51270
17514
91926
13744
40467
74415
62350
94277
73410
6698
46769
51264
3101
66519
60429
16609
70336
69843
39518
68545
13390
24939
37635
54817
90445
35774
97621
89868
96229
54444
8657
63850
71957
16935
93945
12424
91349
72647
23052
81110
79344
69820
48725
98796
52690
9153
15404
23025
95348
54921
7921
8737
79859
45555
79905
86656
97680
77526
92875
10261
48321
17883
74110
20277
34817
84407
49052
42517
57053
72103
39979
36396
58274
88703
35191
10964
14208
50594
50340
9555
21866
58261
34643
18076
20167
30899
4731
17847
24776
97605
28107
73096
31840
18568
93373
66656
2974
58776
25525
60026
47231
65503
96421
5504
54205
47963
32819
68412
14908
83159
94318
36773
41419
28960
54849
77937
76211
75931
95783
986
73536
40241
74082
21727
58809
83806
88382
78134
58933
13906
38160
6163
79408
50932
11667
49965
98895
60837
34728
13802
43995
29046
66927
1765
74357
21775
79702
50567
14057
91836
51553
87592
32077
41986
25670
7237
42143
14052
85370
1075
44309
23529
7238
40069
90813
35256
90033
89707
96092
41112
19860
40087
70157
3138
58203
44514
41264
37904
11432
55321
46092
62984
59264
78168
21321
84934
1756
63463
98985
87125
64538
59645
27006
88127
99713
17818
23382
6097
23876
19473
47209
43735
75911
33717
63225
34114
94582
4488
72017
6014
59808
34460
85349
19072
12627
6670
4005
14382
86484
19341
17859
51021
78985
44864
39147
95050
62681
78880
1146
86556
98353
64706
46642
74263
98423
9866
8376
9356
14354
96745
15369
90513
47556
718
9584
60183
23739
13588
90916
10222
32928
25126
77595
28265
69989
16741
23314
32669
11973
24459
35576
10325
5517
98570
939
20291
24787
25667
29646
55492
38763
45015
46005
86318
62084
55588
62852
85822
85528
70120
96043
34807
95245
73637
63071
65234
6730
86384
14254
18702
27195
66182
45378
32711
64751
46316
69353
89537
71982
98998
61381
10744
60364
7385
13414
22447
79324
76265
24620
64851
46384
37015
16010
41629
27003
79080
6862
33732
81816
37467
68785
9010
3648
30514
58072
84750
93182
27424
90639
65163
42773
52019
92259
3137
75755
5672
41935
55078
98288
66555
36281
44672
3569
52290
86300
30571
47721
9513
80655
29536
63331
65791
38545
83331
96305
96616
68080
89486
40391
75070
71000
83164
43440
79610
2652
19194
1633
44586
74272
99921
27492
10552
44592
31060
79193
47243
77983
26913
56755
58637
56449
36437
40779
11345
19767
37083
7961
87847
42920
64703
79268
30272
64218
22708
26233
66869
41901
44218
27807
32524
44138
55298
43075
5081
2710
38619
68675
97044
65532
41781
55680
38332
78217
12810
49676
97984
66245
73988
2182
9164
38691
81449
55787
2908
4156
82020
86129
62409
26237
30287
94932
86726
1936
54359
8158
4645
92977
76832
1688
74860
18612
73719
13191
96828
86529
79219
11163
52773
53206
13344
78288
8248
11145
50427
27508
31652
32446
29988
94060
75034
60274
88992
78111
62209
43350
86268
83206
52678
63099
1245
27538
98062
74964
57080
11241
77844
52650
22404
46968
5856
52099
41607
30455
63243
92033
57962
94895
40830
87949
88954
32215
64574
94297
10325
26783
53998
12944
9988
6676
76042
11232
50565
90455
2547
23996
1696
96742
76646
40451
60061
98853
92549
18020
29307
72144
26404
3621
67038
67234
7921
72343
15800
72495
82992
42477
99277
36989
55420
25616
60016
47814
53199
10580
38268
72098
50928
56315
68839
27573
96765
45252
26425
89314
63271
72083
77809
89674
75703
44846
73259
83624
33540
89059
72470
16531
31535
71746
69872
3306
13713
29887
51119
66911
56819
89387
55360
7746
45701
40551
35318
58818
85802
78094
64483
65424
66528
42291
55097
42231
87136
44708
42206
37027
50118
31027
69910
98004
19124
39781
1309
32836
69667
52428
16098
26485
58166
71458
50582
20218
28360
85899
79035
14161
80344
43517
95936
46872
85807
67384
5454
89294
12091
64011
26321
62208
95037
96230
76563
14160
36010
77872
63347
22028
46651
95796
64865
4816
83605
15446
25033
11964
17697
20420
42476
98040
63936
38411
61263
66095
5795
83068
55388
34237
47078
98060
96445
58466
94289
73007
88977
46650
67230
68675
85030
13880
64471
49894
35047
48075
81691
76432
76391
99387
96851
18866
13779
77138
73629
91393
43232
79423
74461
98620
30011
37890
96679
26455
96356
7320
15814
1684
53969
99395
70359
55350
29627
34829
21595
64673
99255
3286
41104
75645
19024
54306
10863
49154
31444
843
40547
74675
96617
31359
89646
26627
85600
2677
69434
81955
9996
85247
99991
80316
993
70349
35666
30619
21529
57260
95292
37135
76897
52747
12780
95921
7053
39994
61426
38496
40836
18324
29522
37452
49682
35520
64078
35282
38196
33511
33588
48191
35109
33578
44858
52454
20278
96875
83072
41806
70487
94715
95293
47383
47462
24424
59655
70866
64417
21081
25713
21604
39404
55234
75407
5438
90753
55836
57071
28948
89347
90658
93490
40807
40588
54700
93260
77217
51574
92684
35375
38412
87398
30667
2147
51211
55090
61801
22076
19506
99233
47788
57461
38637
3022
32867
60426
10126
88702
17496
55426
94400
24505
65267
51559
65092
19966
61170
42309
87892
53853
77683
26303
57603
8349
28449
8813
63438
6602
30889
99295
5834
95028
56755
60822
98049
5973
21247
24527
94674
55094
79952
5426
79599
45218
56984
44690
81536
18153
3350
85779
88358
81032
12081
45960
5732
56882
54772
85521
63483
2012
84815
85668
97040
57921
62842
11440
63893
440
35966
74919
55534
32269
96696
35132
93839
53679
96173
91726
88183
15875
77504
76540
13258
89584
38851
18990
62817
9975
4510
42651
11986
5677
44671
25377
63597
7512
36817
43842
7951
89134
35112
79836
37755
31807
14967
31593
1837
27492
39670
6371
43366
17173
99263
56623
23108
38113
91964
85925
64439
96474
44927
76425
18502
89597
18153
98450
97108
54969
58643
21411
60455
93754
1246
98209
41912
32565
46153
60100
76408
85822
82823
19773
19346
82085
92747
42453
36549
84711
44729
17340
97536
89656
10116
16037
95604
28268
14486
9064
99589
89481
30474
60043
83234
48071
74603
41498
80635
37107
17949
57042
39280
771
93166
58625
99207
2265
1077
52108
86975
62158
69447
862
68165
79562
16898
63768
7829
47735
72831
7417
53567
19656
83811
36801
84079
74765
94650
81065
11871
28950
38107
67502
29721
47624
26126
45279
49888
43555
97386
53214
5712
83184
54075
90228
62745
87324
53995
86926
51411
43178
94342
4977
79185
94505
58129
63263
85621
52778
44328
97492
98080
98786
64993
44152
46409
7471
89430
12649
67377
3168
65862
73088
86351
19937
63315
49096
7260
33661
36021
75022
93190
46714
79999
72375
57570
38127
51989
43191
7257
96316
57034
5336
11453
38378
49487
74214
45848
55268
86862
13224
58435
52723
2663
44786
89011
82329
10233
12623
32342
62605
87644
25531
25670
67642
97905
83240
22121
49894
26430
29377
62561
99815
51064
90366
38192
16902
64579
392
72169
51440
29967
46956
20514
32630
8093
9525
31310
18325
22147
63651
97281
9790
89182
22950
93784
3438
6189
15904
69683
48970
61632
48596
48784
12695
38961
86976
29596
3539
3719
18116
71330
33685
65071
8195
66314
73163
17719
13976
7839
56217
93978
21471
82359
99511
44421
92494
2949
50609
8397
88983
15931
70028
37578
64714
82722
92890
68041
28669
12780
71759
46784
461
5444
28207
8656
88109
17721
42726
18436
41912
98943
12414
63382
97653
11924
7802
90146
31224
74763
98542
20207
90693
84921
74136
71758
83994
83378
56151
12662
96157
44261
75797
96618
49704
4003
21625
54165
38076
64350
72600
79987
63292
1365
59720
77296
13289
83874
67441
60864
58636
82334
97422
65680
67254
71558
53789
51247
71287
9939
80260
67443
54200
56057
80412
20255
76411
2036
90771
30838
82738
79723
27176
62381
81087
86896
39677
10727
70769
23469
71591
45756
5803
69012
27787
89408
56921
81575
57007
28207
7866
53618
12002
78417
26026
8765
98671
2437
27153
5794
49626
9890
1868
76802
72270
82954
63697
28298
10033
50817
51767
97975
96572
73921
83338
24358
63328
56611
22284
36686
1169
30149
90304
13170
8565
16329
38287
23588
35117
65439
45733
84743
91680
47600
77896
80301
46905
57944
8599
56937
8760
60365
71263
21683
34285
70953
62392
13964
27563
84675
67002
28731
31176
57305
58253
39740
89985
96539
79679
25102
78329
41763
26196
70008
89362
4091
66660
36267
62034
75258
9555
87145
51974
97170
8827
86258
68122
71218
16574
95684
55892
83575
40766
3419
57231
99018
43159
47215
11908
39189
88668
6588
80952
14863
92947
86665
35305
59607
39283
13690
34864
65190
834
86838
62359
26012
89447
46832
97229
6020
58867
69473
5946
99632
72891
63176
15002
32401
26743
26909
87942
15410
33497
85245
46625
26443
71909
81929
86049
27544
11971
37265
92733
12804
24102
71443
55168
29900
18274
52396
52272
77140
38220
58217
76771
27463
37745
8124
76215
64487
35033
64156
79896
84881
65752
26520
11323
37661
24801
13724
81556
36771
67340
74288
65926
91441
45730
21093
37692
64003
89841
89963
57494
44412
48180
50616
71874
2276
58740
64441
66762
93772
28596
63009
95004
94348
5881
22678
48360
47033
36401
29915
83803
20092
20554
66080
11532
66283
3525
65576
46637
9717
55538
20482
70480
20069
71097
58706
22344
29836
23146
5457
39959
68093
68466
34962
62440
74346
57640
27151
21378
10392
73417
21532
30484
93970
3963
58367
76604
23839
23942
39592
33555
95832
60073
4035
15900
47522
62740
38244
77357
2237
60052
33668
70329
28517
68629
49121
19214
42620
76271
56943
69364
66040
78474
99847
60009
98789
74565
52965
22627
14859
8908
72534
10690
68981
92920
26589
32854
72011
81184
26562
74247
41236
60229
44575
86104
45210
93695
5318
87829
86318
62260
57192
52357
57086
73390
28717
72226
64307
81681
11204
79165
90589
83737
89854
75921
76656
32794
8774
48666
30330
35335
39264
87917
95564
83839
74020
40773
93885
95689
44953
80202
74301
18497
32558
47738
91886
61275
19963
72544
59307
31166
51708
49895
31255
57913
42167
24262
90707
50940
72928
37388
2627
12191
25304
14542
12381
15675
55314
6266
11364
16618
86467
2016
35114
35377
49753
43352
13003
86067
15895
72309
17232
83955
22204
64838
41867
64370
89100
48925
31662
78379
86312
34288
90569
27967
48829
19302
43642
20494
25567
71357
37111
28385
73372
88577
63761
23124
48280
76763
9190
64174
65424
42773
64480
87627
7611
6347
68348
13062
71623
9
91440
74287
50648
98360
2253
15828
17661
62246
36321
59579
33602
89784
87964
23325
94712
68076
62800
42991
61191
88341
23516
26614
31114
87996
30592
55076
94342
15291
68137
82316
31652
59576
56602
82299
74287
75207
98127
91948
37452
50799
51526
87406
56934
55841
27082
51645
40269
89882
94635
17811
78222
18151
60776
25687
6146
7719
97114
16839
23009
65250
15506
71012
41177
72108
53311
15464
47314
67789
23763
1117
34939
91640
88522
91873
63833
15604
43517
20453
21837
54504
38263
58
89006
15390
42097
11503
23108
39210
44693
62468
20812
60198
33480
61988
32305
3142
93803
95970
87282
33917
97087
38572
25557
1960
30444
5741
33915
90313
26193
72103
61168
80807
72161
50173
12548
30609
61675
52007
69818
6367
14474
90629
66564
64305
68969
15221
83798
79123
27542
71079
13040
40980
26003
54948
59292
72798
77040
93206
79462
19584
65309
40629
390
53821
90801
12937
781
68827
64943
70598
91545
95768
77579
58109
76425
46547
89681
60222
42021
33574
31301
71412
74554
73655
42711
33845
46452
19750
43402
25914
39333
25062
66542
56074
95234
73695
85362
96014
42521
66656
66612
34066
78776
44190
8526
55200
7088
14558
15421
49108
48131
63073
36872
39036
36727
79582
89232
83179
15684
32634
9092
55016
57695
91985
27442
52929
82031
29155
48942
24552
95811
31905
74969
74586
92446
99846
29785
99533
30755
45205
64993
95237
24630
1864
34273
61356
97797
23504
44534
13480
72489
69977
84848
46536
78314
28641
99464
60344
57795
64757
1247
53605
96662
92567
44542
5459
92412
74326
21344
39518
35883
86336
34755
60512
4551
85379
38219
18699
25234
99105
32179
14075
85433
33378
60610
63746
62018
60073
24090
19812
41181
41688
73417
54194
34255
34310
59653
43018
8636
80996
82536
60870
83683
33642
37733
4585
35372
75951
23283
76957
75055
55461
91031
60488
88838
51640
40585
67207
28064
64674
87019
69245
6362
76787
39790
56968
11096
99442
99985
36083
96789
82520
96952
80471
32513
51036
85055
67884
26987
8338
44841
18393
80150
52223
78880
85340
3863
19465
52546
31926
490
39564
17522
23203
32702
57312
80170
43798
73105
96507
79880
69894
95378
93184
50364
27891
44219
51771
12126
87557
76460
73318
5950
56609
25541
1181
58300
29403
36997
10846
77680
53839
66761
95202
77041
99463
68865
73563
59612
41969
86421
39491
11862
81798
49026
78578
9688
93245
46700
38166
97153
23159
11483
3102
96119
37023
4283
54419
82777
57631
81616
60457
11469
64728
72010
4862
64190
57226
94776
40153
99194
81196
95996
27408
62993
45021
22337
89033
54617
69036
27198
51770
92194
55032
71223
4664
8407
75505
59082
91183
49488
57049
67991
60956
21777
56352
82169
2318
13577
76944
42471
29123
58139
38466
56530
37484
83486
78866
26516
54455
47901
70065
6224
56446
41448
77446
77461
49854
69303
36543
41037
18790
9943
25379
96097
31719
81731
78266
34037
95307
55209
92859
24429
29700
31324
97310
67183
14809
76175
10050
69263
40427
96466
91838
13224
37913
85636
90685
87767
54938
43579
28803
90079
53521
70533
2527
1592
52263
97144
51980
63922
68705
44838
4702
98404
76161
18364
81938
7321
10890
91987
92936
51317
88452
1125
80892
26364
86760
71576
30482
58049
31506
75636
48127
1379
46169
67006
2970
14783
64149
71301
78704
32853
16138
99758
47608
8650
18121
29545
15970
29010
37883
25257
96678
26334
26382
93922
69050
13141
65497
99531
87542
13355
75167
52020
14733
37687
19025
34054
52469
83174
21706
31173
32378
37843
47282
79986
62844
81754
9530
95165
10763
47413
20422
23793
90098
46803
17714
75499
76295
99562
91382
80188
29268
82900
32208
60352
20586
51232
94405
73054
50757
32462
20578
83135
86656
84211
63120
49499
65964
89001
44664
93079
52765
65085
16871
42863
28239
50936
34713
20885
66849
26094
1073
96117
25345
33280
56468
45930
863
67225
35336
51620
99686
55913
51106
86342
40124
30577
35840
22439
19577
96855
15517
72342
78291
48739
31556
6529
99674
66268
43766
82875
8714
61190
78991
34058
10821
35458
96340
11683
19034
31675
79654
18720
3939
30759
21413
60414
61335
73604
82853
80912
70459
98369
69605
65101
63460
17512
87982
79485
131
31747
62359
8844
9288
41349
59254
20108
93159
71945
31790
28544
3619
11444
63615
23909
58554
85027
84323
19889
74983
67175
17152
61793
81895
3108
26893
61706
20619
14874
41191
20749
46620
3549
45945
72259
61250
5198
92366
70760
93494
40508
99303
97112
51951
62918
37372
26856
64296
21694
63096
39278
5220
96599
1070
3467
99706
27963
65172
20324
42836
6362
57425
5808
26263
3369
78066
87512
24918
86784
58271
18411
27291
73925
31874
95593
36842
69245
22448
1138
7291
85544
56767
12510
82142
57837
15976
98200
2151
81148
34875
61338
3861
92299
67145
30123
12019
61563
33986
36936
64698
92256
71698
91988
82533
3571
87580
35726
89168
26379
53215
96458
11922
9982
25319
10416
84170
57647
24967
86320
55146
59841
47657
59006
52140
31154
5481
64158
9068
39466
17446
73765
31722
89143
65752
30606
9066
69683
66331
14585
96061
19546
11042
24335
29527
52712
51102
13696
10358
76068
16367
81855
35908
80375
40861
88047
11528
46341
68557
36947
85806
86002
27063
33879
91496
9166
80836
561
78848
47167
15145
74909
66712
42538
15595
12590
11602
66696
42637
21959
42763
75355
3814
78670
55729
61026
83069
83609
23718
51625
20555
25875
53978
63970
59754
45473
73135
40589
62386
51983
4107
93882
43243
70818
36420
58837
99759
48021
25532
42395
86331
68294
17749
6496
63315
89830
83873
46383
73438
7590
14359
10344
33465
68336
74313
9570
30161
47448
66510
92546
99430
70617
86427
59024
57786
39198
17860
73897
3570
43391
32643
89901
28036
66744
12748
91350
56573
96621
54085
46362
4210
68443
56705
54026
53131
31018
63595
99643
94817
46457
92188
10598
33425
94966
69621
7562
50516
87480
81458
54085
47222
14101
60337
91609
97196
73085
99310
53768
69705
53394
129
90266
38189
73185
60644
7671
20554
24238
7313
15370
87046
15852
25967
20470
27169
95587
28032
77684
99418
25841
48121
62991
56293
8457
70951
53488
81541
70261
7255
67597
40006
23735
74215
78194
96920
34858
85864
17473
75447
9528
49195
62493
25379
75161
99314
52548
87100
43697
46583
2869
69538
94703
65860
25830
3160
36810
95670
1052
23422
19276
85001
63428
43011
59215
57973
56282
10424
60189
90106
2222
69716
39300
64714
11447
30813
80380
63994
17912
24076
26928
37132
9965
21631
19343
52147
41142
72505
47816
42193
95926
67091
43545
75705
26453
19111
33678
82734
29534
93866
89192
31756
79933
28491
12821
91379
59303
9552
71724
93566
33628
98652
30698
59944
36634
50040
28442
77775
22544
92609
19967
34822
59700
63512
10526
2504
98974
44203
1590
28508
54420
90781
76615
34353
35623
89435
25731
11278
98987
13807
4843
48966
28810
51892
25261
65443
1932
53703
43217
40827
46311
79535
92000
22362
59398
2526
41218
58372
63080
42807
86879
17500
49939
79845
68204
85561
85631
10286
96838
969
24092
18033
49934
52901
69924
91547
18343
88207
61601
77911
45386
24263
57446
37385
62977
16843
39910
4194
91566
19342
63352
94796
36841
13290
74640
5044
15202
60271
15329
28392
61239
55773
46424
27525
8673
32699
35423
43368
20906
97023
21278
82643
21285
95075
20027
84261
28270
76289
88454
19835
95630
68157
14631
48822
81446
89270
70217
13000
65892
1897
57743
27131
57669
20518
71007
82694
53216
6429
42413
90473
3451
80042
73115
41087
75117
9494
25348
19738
85782
30153
39572
97763
98310
54202
62936
96107
59824
33152
25458
25715
51400
83200
69197
9069
20069
56555
8114
73285
62983
66878
80109
82785
46919
69576
23872
38387
79069
65571
58124
81202
95723
14048
95316
10384
84601
58251
22843
44424
91402
48300
86491
59153
47852
72039
84573
67920
28594
92686
57556
7928
75915
54017
90713
39186
23592
30936
77572
19012
96506
52048
213
8580
82447
11880
35316
67047
70130
58158
27823
77883
22809
30665
37035
87012
2703
21608
71284
47648
30645
45191
71928
6560
99207
62640
62097
39150
9927
39668
58161
6432
8067
74725
31363
90513
86604
66678
73912
73085
41187
1734
50967
80348
32398
88002
83711
51452
25961
54994
99100
56605
185
71027
79516
15743
50018
41612
54893
76296
97632
29405
99079
22050
4130
30441
28915
7085
13471
2826
80170
54657
20911
31136
51356
69660
35489
35067
21111
77801
90060
36562
50758
6596
23940
46625
38691
90309
88237
93583
66604
2220
22987
65682
40621
43468
96123
69535
50553
25945
88712
47074
96953
25974
94561
48309
95633
30050
83375
16744
24202
89786
53305
74959
12734
93597
21584
51424
83905
26172
61358
50509
28391
696
16190
85363
60516
28664
71250
11068
54608
59961
74493
51561
2287
69053
99869
97919
15454
99595
31014
39656
5732
84319
14614
34817
94267
52549
2592
78171
78720
63949
28679
