9
31
37
40
58
58
66
103
112
129
131
152
156
156
166
175
176
181
185
188
210
213
225
233
255
258
270
308
315
321
323
342
358
362
373
376
390
392
400
404
423
428
430
440
451
459
461
490
499
504
538
542
554
561
571
575
579
581
595
599
639
659
677
688
690
696
718
733
747
754
771
778
781
785
798
817
828
834
843
862
863
881
895
896
898
904
908
928
939
954
962
964
969
980
986
993
1021
1025
1038
1041
1052
1053
1069
1070
1073
1075
1077
1083
1093
1107
1117
1121
1125
1137
1138
1144
1146
1163
1163
1167
1169
1171
1181
1190
1196
1219
1221
1244
1244
1245
1246
1247
1274
1309
1344
1347
1360
1365
1372
1379
1396
1415
1422
1429
1431
1437
1450
1485
1503
1504
1508
1515
1554
1557
1560
1561
1565
1580
1590
1592
1594
1620
1633
1684
1688
1692
1696
1704
1721
1722
1726
1734
1746
1756
1765
1776
1778
1791
1798
1808
1811
1815
1828
1836
1837
1856
1864
1868
1892
1897
1927
1932
1936
1946
1960
1977
1992
2010
2011
2012
2016
2022
2032
2036
2042
2052
2060
2069
2080
2090
2094
2104
2107
2114
2136
2142
2147
2151
2162
2165
2166
2166
2171
2182
2184
2188
2220
2222
2236
2237
2246
2253
2265
2276
2287
2292
2318
2340
2391
2392
2399
2404
2404
2421
2437
2483
2488
2493
2502
2504
2508
2520
2526
2527
2546
2547
2577
2590
2592
2593
2623
2627
2642
2652
2663
2674
2677
2686
2694
2703
2710
2711
2737
2739
2740
2747
2748
2759
2807
2826
2835
2840
2845
2847
2847
2860
2869
2888
2901
2908
2909
2919
2924
2949
2970
2974
2991
2997
3012
3013
3016
3022
3045
3050
3058
3073
3083
3097
3101
3102
3108
3137
3138
3141
3142
3153
3160
3168
3180
3182
3186
3217
3227
3236
3238
3243
3246
3262
3272
3286
3287
3306
3312
3314
3328
3333
3333
3336
3350
3369
3380
3399
3400
3407
3412
3419
3426
3428
3434
3438
3451
3467
3498
3516
3525
3539
3549
3569
3570
3571
3575
3586
3612
3619
3621
3636
3637
3648
3670
3679
3715
3719
3727
3739
3748
3768
3814
3831
3861
3863
3866
3889
3902
3908
3914
3920
3924
3929
3939
3963
3973
3973
3977
3999
3999
4003
4005
4013
4022
4027
4029
4030
4035
4043
4091
4104
4106
4107
4112
4130
4133
4150
4156
4173
4194
4210
4244
4250
4274
4283
4323
4327
4329
4334
4344
4352
4395
4400
4406
4418
4419
4435
4436
4443
4447
4449
4454
4458
4467
4467
4479
4488
4507
4510
4514
4518
4542
4545
4551
4563
4565
4567
4573
4585
4589
4592
4605
4623
4629
4644
4645
4661
4664
4688
4702
4718
4731
4766
4778
4816
4843
4843
4844
4858
4862
4889
4896
4914
4977
4995
5015
5017
5023
5032
5044
5044
5067
5079
5081
5083
5088
5098
5100
5106
5108
5108
5110
5172
5175
5183
5198
5204
5207
5213
5213
5215
5220
5230
5235
5237
5265
5275
5283
5298
5318
5330
5330
5336
5340
5346
5351
5369
5398
5403
5426
5428
5431
5437
5438
5444
5454
5457
5459
5462
5470
5481
5481
5489
5496
5504
5517
5525
5539
5559
5564
5585
5603
5621
5641
5641
5672
5677
5696
5712
5720
5722
5732
5732
5736
5741
5762
5779
5794
5795
5803
5808
5823
5829
5831
5834
5839
5840
5856
5858
5862
5867
5874
5881
5910
5912
5924
5938
5944
5946
5950
5973
6007
6014
6020
6024
6033
6097
6104
6138
6146
6151
6152
6155
6163
6189
6195
6202
6204
6224
6247
6253
6266
6274
6287
6306
6307
6324
6332
6344
6347
6351
6358
6360
6362
6362
6367
6371
6398
6399
6410
6429
6432
6450
6453
6455
6464
6466
6486
6494
6496
6507
6529
6558
6560
6588
6596
6602
6650
6662
6668
6670
6676
6678
6693
6698
6730
6734
6738
6750
6758
6763
6797
6803
6823
6824
6832
6862
6878
6892
6895
6918
6952
6954
6959
7004
7011
7024
7038
7039
7050
7053
7085
7088
7111
7113
7118
7132
7145
7155
7170
7188
7191
7193
7209
7228
7235
7237
7238
7255
7257
7257
7257
7260
7260
7289
7291
7305
7308
7313
7320
7321
7365
7385
7398
7417
7422
7426
7430
7455
7471
7476
7478
7499
7512
7562
7566
7590
7609
7611
7626
7654
7663
7671
7687
7690
7691
7693
7711
7719
7725
7746
7790
7792
7802
7805
7807
7829
7832
7834
7839
7850
7856
7866
7880
7892
7909
7913
7917
7921
7921
7928
7951
7952
7955
7956
7961
8017
8063
8067
8070
8088
8093
8095
8098
8102
8114
8124
8142
8158
8159
8173
8195
8220
8221
8222
8229
8239
8248
8260
8268
8274
8284
8291
8293
8302
8310
8329
8338
8340
8342
8344
8349
8365
8369
8372
8376
8378
8384
8386
8393
8397
8407
8421
8427
8443
8449
8449
8457
8474
8494
8500
8500
8503
8526
8548
8565
8565
8580
8582
8591
8599
8604
8617
8621
8627
8636
8648
8649
8650
8656
8657
8673
8714
8726
8737
8740
8744
8760
8765
8774
8779
8781
8789
8791
8813
8827
8842
8844
8871
8872
8875
8906
8907
8908
8957
8971
8972
8979
9002
9010
9018
9025
9060
9064
9066
9068
9069
9081
9092
9093
9101
9126
9153
9164
9166
9166
9171
9173
9180
9183
9188
9190
9209
9222
9224
9242
9281
9288
9297
9298
9303
9312
9313
9320
9344
9353
9354
9356
9374
9386
9390
9429
9438
9451
9468
9473
9475
9484
9492
9494
9504
9513
9520
9525
9528
9530
9552
9555
9555
9563
9566
9570
9578
9584
9588
9590
9598
9603
9604
9610
9618
9624
9627
9654
9668
9688
9691
9693
9694
9702
9717
9765
9773
9790
9810
9828
9860
9866
9872
9880
9887
9890
9894
9925
9927
9929
9939
9943
9957
9965
9974
9975
9982
9986
9986
9988
9996
10012
10033
10048
10050
10055
10066
10084
10089
10109
10115
10116
10116
10126
10135
10140
10147
10156
10170
10174
10189
10222
10233
10234
10245
10257
10261
10277
10286
10292
10292
10296
10296
10308
10325
10325
10344
10350
10354
10358
10384
10388
10389
10392
10416
10424
10426
10429
10433
10437
10455
10456
10463
10468
10510
10526
10552
10568
10580
10598
10598
10626
10627
10649
10666
10666
10671
10690
10704
10711
10715
10717
10727
10738
10744
10745
10756
10758
10763
10783
10801
10813
10821
10826
10828
10829
10846
10863
10890
10922
10927
10949
10950
10956
10964
10981
10994
10998
10999
11024
11030
11034
11039
11041
11042
11068
11096
11119
11129
11130
11145
11146
11162
11163
11174
11193
11194
11204
11220
11232
11241
11252
11263
11278
11285
11285
11286
11292
11323
11331
11341
11345
11364
11375
11380
11410
11432
11433
11440
11444
11445
11447
11453
11453
11460
11460
11464
11465
11466
11468
11469
11470
11471
11481
11483
11487
11492
11503
11506
11528
11528
11532
11538
11573
11580
11593
11596
11602
11608
11612
11627
11632
11637
11651
11654
11655
11662
11667
11667
11683
11717
11721
11734
11744
11753
11775
11809
11862
11864
11869
11871
11875
11878
11880
11883
11900
11908
11922
11924
11964
11967
11971
11973
11974
11981
11986
11987
11990
12001
12002
12017
12019
12042
12047
12047
12052
12081
12082
12083
12091
12108
12121
12123
12126
12126
12146
12153
12191
12192
12198
12202
12207
12220
12228
12231
12233
12261
12276
12293
12305
12324
12356
12374
12381
12403
12414
12424
12442
12453
12462
12468
12477
12499
12507
12510
12513
12547
12548
12550
12550
12556
12558
12590
12623
12627
12649
12659
12659
12662
12666
12667
12695
12708
12727
12727
12732
12734
12737
12741
12742
12747
12748
12750
12754
12759
12769
12780
12780
12780
12796
12804
12805
12810
12811
12814
12821
12870
12892
12899
12902
12920
12937
12944
12947
12949
12955
12963
12972
12990
13000
13003
13003
13036
13040
13041
13042
13047
13061
13062
13078
13083
13083
13093
13104
13108
13141
13144
13160
13161
13170
13175
13175
13191
13202
13224
13224
13232
13233
13258
13289
13290
13291
13296
13311
13338
13344
13355
13368
13381
13390
13402
13407
13414
13427
13432
13435
13435
13437
13443
13446
13452
13457
13471
13480
13513
13515
13527
13529
13559
13577
13588
13602
13622
13637
13689
13690
13696
13707
13713
13724
13742
13744
13752
13757
13775
13779
13790
13802
13806
13807
13807
13829
13836
13855
13859
13860
13861
13863
13878
13880
13896
13906
13920
13924
13928
13930
13931
13940
13956
13964
13976
13976
13985
13989
14000
14002
14019
14019
14048
14052
14057
14075
14077
14082
14098
14101
14111
14115
14122
14129
14131
14160
14161
14169
14179
14181
14197
14198
14208
14210
14220
14227
14239
14254
14264
14306
14310
14316
14328
14344
14354
14355
14359
14367
14382
14390
14410
14417
14418
14467
14468
14473
14474
14485
14486
14487
14494
14505
14509
14514
14542
14544
14558
14562
14583
14585
14588
14614
14622
14631
14640
14656
14664
14675
14683
14685
14703
14711
14723
14726
14733
14741
14783
14809
14818
14832
14832
14842
14843
14859
14863
14874
14874
14891
14892
14893
14902
14904
14908
14927
14941
14967
14969
14977
15002
15035
15065
15082
15095
15104
15112
15116
15117
15124
15145
15148
15148
15151
15164
15186
15202
15211
15211
15221
15241
15255
15267
15272
15273
15291
15292
15309
15329
15366
15369
15370
15388
15390
15403
15404
15407
15408
15409
15410
15421
15437
15443
15446
15454
15464
15473
15477
15489
15506
15511
15517
15534
15581
15590
15595
15599
15604
15626
15650
15655
15665
15667
15669
15675
15684
15691
15693
15730
15737
15743
15761
15800
15808
15813
15814
15815
15828
15834
15838
15852
15852
15873
15875
15895
15900
15904
15915
15931
15970
15976
15994
15999
15999
16004
16010
16019
16032
16037
16047
16077
16083
16098
16123
16138
16157
16167
16174
16190
16284
16292
16295
16304
16310
16329
16350
16364
16367
16376
16380
16394
16429
16442
16450
16470
16475
16475
16477
16483
16525
16526
16529
16531
16533
16546
16573
16574
16579
16603
16609
16618
16624
16625
16641
16654
16657
16705
16717
16741
16744
16762
16766
16768
16772
16797
16807
16808
16821
16829
16839
16843
16843
16867
16871
16878
16898
16898
16902
16913
16916
16935
16942
16977
16998
17005
17022
17030
17030
17047
17048
17053
17066
17082
17084
17094
17104
17107
17117
17129
17131
17134
17152
17155
17169
17173
17177
17186
17196
17208
17232
17257
17272
17273
17297
17315
17340
17353
17355
17383
17383
17389
17424
17424
17431
17436
17446
17465
17473
17475
17487
17496
17496
17500
17512
17514
17522
17530
17531
17542
17559
17567
17568
17595
17618
17653
17661
17663
17679
17691
17697
17701
17714
17715
17716
17719
17721
17749
17759
17770
17779
17808
17811
17818
17831
17843
17847
17848
17851
17854
17857
17859
17860
17883
17884
17908
17912
17916
17949
18020
18026
18033
18033
18068
18074
18076
18111
18116
18121
18124
18137
18140
18151
18153
18153
18156
18175
18175
18184
18184
18185
18211
18233
18260
18269
18274
18284
18303
18310
18311
18324
18325
18343
18353
18354
18364
18365
18369
18376
18376
18385
18389
18393
18398
18403
18404
18409
18411
18411
18411
18418
18436
18452
18455
18478
18497
18498
18502
18505
18530
18534
18539
18542
18544
18547
18556
18567
18568
18597
18601
18611
18612
18615
18622
18627
18654
18673
18692
18694
18699
18702
18705
18710
18720
18735
18746
18753
18762
18763
18767
18776
18790
18790
18797
18814
18854
18855
18866
18867
18902
18904
18926
18936
18972
18983
18990
19005
19008
19012
19024
19025
19027
19034
19040
19056
19059
19071
19072
19111
19124
19131
19141
19180
19194
19212
19214
19218
19226
19234
19246
19250
19258
19258
19258
19263
19266
19269
19276
19279
19296
19302
19338
19341
19342
19343
19345
19346
19349
19356
19361
19370
19383
19414
19416
19435
19451
19461
19465
19473
19502
19506
19509
19530
19536
19538
19541
19546
19550
19560
19563
19564
19577
19578
19579
19584
19588
19606
19608
19614
19639
19656
19669
19676
19711
19712
19716
19731
19731
19733
19738
19749
19750
19754
19767
19773
19785
19812
19834
19835
19842
19860
19883
19887
19889
19890
19890
19905
19930
19937
19940
19963
19966
19967
20023
20027
20069
20069
20077
20092
20096
20108
20113
20120
20157
20159
20162
20167
20170
20197
20199
20201
20207
20207
20213
20218
20219
20224
20235
20244
20255
20277
20278
20291
20298
20302
20309
20324
20327
20344
20369
20392
20395
20397
20400
20404
20405
20419
20420
20422
20424
20436
20453
20470
20482
20490
20494
20514
20518
20533
20554
20554
20555
20578
20586
20588
20607
20619
20635
20639
20645
20651
20659
20663
20700
20716
20735
20749
20771
20774
20794
20801
20812
20827
20839
20843
20856
20862
20877
20885
20897
20901
20906
20911
20948
20965
20979
20993
21003
21032
21052
21060
21065
21081
21093
21111
21113
21116
21123
21131
21141
21141
21196
21218
21227
21230
21238
21247
21252
21253
21276
21278
21285
21294
21302
21321
21330
21344
21355
21356
21369
21378
21383
21392
21392
21401
21411
21413
21449
21450
21454
21471
21493
21516
21524
21529
21530
21532
21560
21562
21571
21582
21583
21584
21595
21596
21604
21608
21611
21625
21625
21631
21651
21660
21683
21684
21694
21706
21722
21727
21732
21756
21766
21774
21775
21777
21784
21802
21816
21819
21823
21828
21831
21837
21858
21866
21892
21933
21949
21954
21959
21965
21967
21972
21978
21995
22028
22050
22057
22076
22087
22106
22119
22121
22147
22165
22165
22165
22179
22204
22221
22284
22297
22299
22304
22328
22328
22332
22333
22337
22344
22351
22352
22354
22359
22362
22363
22393
22404
22407
22439
22447
22448
22454
22465
22474
22483
22525
22532
22541
22544
22573
22604
22627
22632
22651
22654
22660
22667
22678
22689
22689
22689
22708
22725
22734
22742
22778
22785
22809
22843
22856
22870
22894
22896
22898
22923
22923
22932
22950
22954
22963
22975
22977
22985
22986
22987
22992
22998
23001
23009
23025
23026
23039
23041
23047
23052
23053
23057
23077
23088
23104
23108
23108
23124
23133
23146
23151
23159
23159
23161
23164
23165
23172
23192
23202
23203
23207
23250
23261
23264
23265
23268
23283
23304
23314
23325
23358
23362
23375
23382
23386
23387
23396
23412
23422
23434
23452
23461
23465
23469
23489
23504
23513
23514
23516
23529
23552
23555
23563
23588
23592
23594
23598
23620
23631
23655
23660
23692
23697
23704
23714
23716
23718
23735
23739
23746
23759
23763
23763
23768
23777
23793
23839
23849
23864
23872
23876
23883
23884
23887
23896
23909
23913
23927
23933
23940
23942
23946
23974
23996
24025
24036
24039
24040
24052
24070
24076
24090
24092
24096
24102
24114
24133
24135
24140
24159
24194
24197
24202
24221
24227
24231
24238
24250
24262
24263
24300
24313
24315
24329
24335
24346
24358
24380
24424
24429
24459
24505
24507
24527
24531
24552
24561
24568
24580
24587
24596
24610
24620
24630
24648
24659
24662
24665
24668
24668
24670
24679
24691
24695
24696
24705
24753
24763
24767
24770
24776
24787
24789
24795
24801
24804
24804
24817
24878
24896
24898
24918
24919
24927
24931
24939
24939
24954
24967
24968
24979
24984
24998
25020
25031
25033
25062
25073
25076
25089
25089
25102
25107
25122
25126
25137
25145
25169
25186
25218
25226
25234
25242
25257
25261
25261
25263
25268
25304
25313
25315
25319
25320
25338
25339
25345
25348
25350
25354
25356
25359
25377
25379
25379
25381
25396
25401
25417
25420
25423
25438
25446
25448
25458
25459
25463
25471
25484
25505
25525
25531
25532
25541
25551
25556
25557
25567
25569
25581
25588
25590
25592
25596
25613
25616
25645
25651
25667
25670
25670
25687
25687
25693
25700
25705
25709
25710
25713
25715
25722
25731
25736
25752
25776
25789
25816
25830
25841
25874
25874
25875
25890
25904
25914
25935
25945
25955
25961
25967
25974
26001
26003
26011
26012
26017
26024
26026
26030
26033
26035
26044
26053
26076
26081
26086
26093
26094
26105
26106
26116
26126
26131
26135
26143
26172
26182
26184
26192
26193
26196
26196
26196
26233
26237
26237
26246
26260
26263
26288
26289
26291
26303
26320
26321
26323
26334
26354
26357
26358
26364
26379
26382
26386
26391
26392
26404
26405
26423
26425
26430
26443
26446
26451
26453
26453
26455
26481
26485
26488
26494
26498
26502
26514
26516
26520
26522
26525
26552
26554
26562
26577
26585
26589
26591
26603
26614
26622
26627
26638
26652
26662
26677
26679
26705
26743
26745
26772
26783
26794
26795
26812
26816
26821
26827
26845
26848
26856
26862
26870
26872
26872
26893
26905
26908
26909
26913
26928
26943
26972
26976
26987
26989
27003
27006
27007
27025
27037
27045
27061
27063
27073
27082
27091
27122
27131
27132
27151
27153
27163
27169
27176
27177
27195
27195
27198
27216
27267
27272
27276
27289
27291
27291
27294
27300
27302
27308
27332
27336
27342
27352
27361
27369
27408
27416
27422
27424
27431
27433
27433
27442
27456
27463
27465
27474
27480
27482
27489
27492
27492
27508
27508
27522
27525
27526
27528
27530
27538
27542
27544
27548
27552
27555
27556
27561
27563
27566
27573
27584
27599
27601
27657
27685
27702
27717
27737
27737
27766
27766
27777
27777
27780
27787
27807
27823
27826
27829
27829
27845
27846
27871
27876
27881
27891
27900
27921
27938
27939
27946
27963
27967
27990
27996
28007
28015
28024
28025
28031
28032
28036
28048
28059
28062
28064
28072
28078
28088
28105
28105
28106
28107
28132
28140
28153
28180
28185
28191
28207
28207
28207
28211
28225
28239
28254
28265
28268
28270
28273
28290
28298
28346
28357
28360
28385
28391
28392
28392
28403
28411
28418
28438
28438
28442
28449
28452
28466
28471
28491
28504
28508
28510
28517
28519
28523
28544
28594
28596
28619
28629
28630
28641
28664
28669
28674
28679
28707
28717
28720
28723
28731
28747
28747
28751
28757
28765
28784
28795
28795
28803
28810
28826
28836
28885
28891
28903
28911
28915
28917
28926
28948
28950
28960
29005
29010
29016
29016
29029
29030
29046
29050
29070
29116
29123
29123
29135
29143
29155
29167
29167
29178
29188
29195
29202
29227
29241
29242
29244
29244
29248
29260
29268
29286
29288
29306
29306
29307
29328
29330
29336
29337
29367
29377
29403
29405
29416
29421
29439
29441
29442
29449
29495
29518
29522
29525
29527
29534
29536
29543
29545
29547
29576
29581
29596
29599
29611
29627
29630
29646
29648
29676
29700
29702
29721
29732
29736
29744
29759
29785
29787
29800
29820
29821
29836
29850
29853
29876
29879
29887
29900
29911
29912
29915
29916
29931
29965
29967
29972
29973
29976
29984
29986
29988
29996
30011
30030
30050
30065
30093
30096
30123
30149
30153
30161
30175
30206
30225
30257
30257
30266
30272
30276
30287
30288
30295
30321
30322
30330
30332
30340
30380
30386
30395
30400
30405
30406
30431
30441
30444
30445
30445
30449
30455
30473
30473
30474
30477
30482
30484
30492
30514
30528
30543
30564
30564
30571
30577
30592
30606
30609
30619
30619
30645
30665
30667
30681
30686
30698
30730
30748
30751
30755
30759
30762
30770
30794
30795
30813
30817
30817
30834
30838
30838
30871
30872
30882
30887
30889
30899
30903
30909
30912
30927
30936
30947
30989
31003
31014
31017
31018
31027
31060
31064
31065
31066
31107
31114
31132
31136
31144
31154
31164
31166
31173
31176
31182
31202
31214
31215
31224
31228
31233
31236
31255
31255
31265
31279
31301
31310
31313
31323
31324
31328
31357
31359
31363
31367
31378
31387
31435
31444
31445
31476
31506
31514
31529
31535
31536
31556
31565
31577
31583
31593
31594
31599
31622
31624
31652
31652
31662
31675
31681
31696
31719
31722
31728
31729
31735
31747
31756
31757
31779
31785
31790
31792
31801
31807
31821
31825
31836
31840
31849
31874
31883
31905
31924
31924
31926
31927
31934
31936
31969
31971
31994
32004
32006
32011
32046
32064
32077
32109
32147
32154
32172
32179
32208
32213
32215
32223
32266
32269
32271
32271
32292
32305
32322
32342
32348
32352
32357
32378
32382
32384
32398
32401
32409
32418
32425
32430
32446
32462
32465
32467
32513
32524
32525
32552
32558
32565
32630
32634
32643
32656
32669
32671
32695
32699
32702
32708
32711
32746
32749
32779
32794
32801
32808
32819
32821
32830
32836
32852
32853
32854
32867
32869
32877
32879
32879
32884
32905
32906
32914
32917
32921
32922
32928
32946
32950
32991
32995
33004
33014
33021
33051
33085
33097
33105
33117
33118
33129
33135
33152
33155
33160
33163
33164
33166
33166
33200
33227
33228
33278
33280
33286
33305
33308
33321
33330
33337
33370
33378
33383
33384
33385
33401
33402
33425
33431
33438
33451
33464
33465
33465
33480
33482
33488
33497
33511
33529
33540
33555
33556
33574
33578
33578
33579
33588
33590
33594
33602
33628
33642
33647
33661
33668
33678
33679
33685
33695
33704
33704
33717
33718
33732
33784
33811
33827
33845
33860
33872
33879
33879
33881
33883
33915
33917
33917
33920
33941
33949
33961
33978
33986
33993
34004
34030
34031
34032
34035
34037
34041
34054
34054
34058
34059
34062
34066
34071
34114
34123
34128
34133
34146
34156
34180
34188
34225
34237
34245
34255
34260
34273
34281
34283
34285
34285
34286
34288
34290
34310
34311
34352
34353
34368
34370
34378
34394
34400
34401
34413
34424
34435
34446
34450
34456
34460
34469
34476
34521
34575
34582
34590
34620
34626
34643
34645
34661
34674
34677
34687
34688
34693
34696
34701
34713
34715
34725
34726
34728
34749
34755
34761
34801
34807
34808
34816
34817
34817
34819
34820
34821
34822
34822
34828
34829
34845
34849
34851
34858
34864
34869
34873
34875
34887
34888
34895
34909
34919
34935
34939
34941
34942
34952
34962
34989
34992
34993
35006
35007
35031
35033
35042
35046
35047
35067
35078
35081
35089
35091
35109
35110
35112
35114
35117
35132
35132
35147
35174
35191
35200
35208
35209
35226
35256
35256
35268
35282
35282
35289
35290
35292
35296
35305
35309
35316
35318
35318
35319
35327
35331
35335
35336
35343
35362
35369
35372
35375
35377
35379
35380
35404
35413
35423
35451
35456
35458
35475
35483
35489
35493
35504
35504
35520
35576
35588
35598
35614
35623
35641
35666
35668
35695
35696
35702
35704
35720
35726
35742
35744
35744
35774
35808
35840
35850
35858
35873
35873
35883
35885
35907
35908
35910
35912
35914
35916
35929
35952
35958
35960
35960
35963
35966
35975
35981
35982
36006
36010
36021
36022
36028
36053
36060
36081
36083
36086
36090
36098
36125
36153
36168
36175
36184
36190
36197
36203
36217
36226
36233
36267
36281
36289
36300
36302
36308
36321
36322
36323
36332
36356
36361
36376
36392
36396
36399
36401
36420
36423
36432
36437
36438
36467
36483
36505
36510
36515
36518
36522
36523
36530
36543
36548
36549
36562
36563
36591
36604
36618
36629
36634
36642
36652
36669
36671
36677
36681
36685
36686
36727
36771
36773
36774
36785
36795
36801
36806
36810
36817
36818
36824
36841
36842
36863
36872
36936
36942
36947
36951
36952
36965
36987
36987
36989
36995
36995
36997
37015
37018
37020
37023
37025
37027
37035
37041
37049
37065
37083
37083
37091
37092
37107
37111
37132
37135
37152
37154
37157
37166
37171
37194
37199
37213
37213
37222
37234
37248
37259
37265
37269
37301
37341
37343
37352
37365
37372
37385
37388
37401
37418
37433
37452
37452
37458
37467
37468
37484
37503
37506
37509
37553
37578
37613
37634
37635
37637
37638
37643
37644
37661
37670
37687
37692
37692
37694
37730
37732
37733
37745
37745
37755
37789
37816
37817
37843
37853
37862
37862
37870
37883
37884
37890
37904
37913
37915
37923
37940
37946
37980
37981
37990
37992
38024
38026
38051
38053
38066
38076
38076
38088
38094
38101
38107
38113
38119
38127
38131
38160
38166
38171
38178
38183
38189
38189
38191
38192
38196
38203
38206
38219
38220
38230
38244
38248
38259
38263
38268
38282
38287
38301
38315
38317
38323
38332
38338
38347
38349
38363
38364
38366
38369
38370
38378
38379
38379
38387
38394
38411
38411
38412
38418
38433
38440
38448
38453
38466
38478
38482
38496
38502
38508
38519
38545
38572
38619
38623
38637
38641
38650
38689
38691
38691
38694
38701
38716
38763
38774
38783
38788
38793
38816
38821
38832
38841
38844
38845
38847
38851
38852
38863
38871
38906
38919
38932
38952
38956
38961
38961
38973
39003
39020
39036
39059
39059
39105
39114
39119
39137
39147
39150
39159
39186
39189
39198
39207
39210
39215
39232
39239
39240
39259
39264
39277
39278
39280
39282
39283
39300
39332
39333
39335
39357
39369
39369
39369
39369
39404
39424
39447
39466
39480
39491
39496
39500
39511
39518
39518
39524
39552
39564
39572
39572
39592
39603
39604
39614
39631
39637
39645
39647
39652
39656
39656
39663
39668
39670
39677
39685
39693
39696
39712
39721
39727
39734
39740
39744
39768
39781
39790
39797
39797
39801
39838
39865
39865
39882
39900
39910
39923
39940
39951
39953
39959
39979
39983
39994
40002
40003
40006
40020
40040
40040
40040
40054
40069
40087
40096
40102
40104
40109
40114
40120
40124
40127
40132
40142
40152
40153
40164
40165
40174
40177
40241
40255
40255
40269
40283
40322
40335
40355
40391
40398
40414
40427
40451
40467
40473
40491
40505
40508
40530
40547
40551
40555
40574
40585
40588
40589
40595
40621
40621
40629
40635
40637
40640
40650
40666
40682
40689
40702
40707
40717
40720
40736
40750
40754
40766
40767
40773
40779
40805
40807
40809
40812
40824
40827
40830
40831
40836
40856
40861
40872
40874
40875
40895
40899
40910
40927
40949
40965
40979
40980
40983
40992
41005
41008
41017
41037
41043
41053
41087
41099
41104
41104
41112
41129
41132
41142
41143
41145
41157
41173
41177
41179
41181
41187
41191
41196
41218
41236
41241
41247
41258
41264
41267
41269
41273
41281
41300
41308
41309
41326
41326
41329
41346
41346
41349
41349
41364
41373
41419
41419
41428
41428
41448
41479
41488
41496
41498
41517
41520
41541
41541
41578
41580
41582
41582
41607
41612
41621
41624
41629
41640
41664
41682
41688
41704
41708
41721
41733
41763
41769
41777
41781
41786
41798
41806
41821
41823
41828
41829
41831
41836
41867
41901
41912
41912
41935
41939
41969
41986
42017
42021
42030
42046
42047
42064
42071
42092
42093
42095
42097
42139
42142
42143
42146
42167
42169
42183
42192
42192
42193
42198
42206
42207
42220
42231
42245
42261
42266
42280
42287
42291
42309
42336
42341
42360
42371
42383
42386
42395
42404
42405
42413
42429
42448
42453
42461
42471
42471
42476
42477
42478
42490
42514
42517
42517
42519
42521
42526
42528
42530
42536
42538
42541
42597
42603
42607
42607
42620
42633
42633
42637
42651
42652
42696
42703
42706
42711
42711
42711
42726
42763
42763
42772
42773
42773
42781
42800
42800
42807
42811
42826
42834
42836
42860
42863
42867
42881
42913
42920
42945
42965
42973
42975
42991
43011
43012
43018
43023
43038
43040
43043
43049
43063
43075
43083
43084
43097
43105
43117
43142
43159
43165
43178
43186
43191
43217
43225
43228
43232
43243
43251
43263
43264
43264
43296
43347
43350
43352
43366
43366
43367
43368
43383
43391
43402
43425
43440
43468
43470
43483
43498
43506
43509
43512
43514
43517
43517
43537
43545
43555
43560
43564
43579
43600
43602
43616
43641
43642
43656
43673
43697
43724
43732
43735
43762
43766
43777
43779
43796
43796
43798
43802
43807
43825
43827
43842
43851
43863
43901
43925
43931
43946
43950
43977
43986
43995
44000
44001
44018
44096
44129
44138
44144
44152
44161
44183
44190
44203
44215
44218
44219
44247
44251
44261
44265
44269
44270
44278
44281
44293
44305
44309
44328
44341
44365
44382
44412
44421
44422
44424
44436
44490
44510
44514
44518
44524
44534
44542
44563
44575
44584
44586
44592
44613
44614
44624
44625
44638
44659
44664
44669
44671
44672
44683
44690
44693
44706
44708
44724
44729
44743
44762
44773
44786
44802
44818
44819
44824
44827
44838
44838
44841
44844
44846
44849
44858
44858
44864
44885
44889
44890
44907
44914
44916
44927
44935
44936
44937
44942
44949
44953
44959
44959
44998
45000
45015
45021
45035
45069
45098
45098
45114
45115
45153
45185
45191
45191
45196
45197
45205
45206
45210
45218
45218
45243
45250
45252
45279
45288
45320
45333
45347
45349
45366
45373
45378
45386
45393
45401
45407
45433
45441
45454
45473
45479
45502
45503
45525
45546
45555
45560
45568
45569
45582
45584
45584
45589
45592
45616
45617
45628
45678
45682
45701
45704
45713
45730
45733
45747
45755
45756
45760
45771
45778
45785
45792
45796
45816
45825
45848
45859
45895
45896
45900
45909
45913
45930
45945
45960
45970
45986
45994
46005
46072
46080
46081
46088
46088
46092
46098
46100
46105
46107
46123
46149
46153
46155
46155
46159
46169
46222
46242
46263
46265
46268
46279
46293
46303
46311
46316
46335
46341
46351
46353
46354
46362
46367
46383
46384
46385
46390
46409
46424
46424
46430
46447
46448
46450
46452
46457
46479
46481
46536
46547
46573
46583
46620
46625
46625
46629
46637
46642
46644
46649
46650
46651
46663
46678
46700
46713
46714
46717
46739
46754
46754
46768
46769
46784
46803
46819
46827
46832
46835
46836
46850
46872
46874
46877
46883
46902
46905
46919
46941
46956
46968
46968
47033
47074
47078
47088
47100
47109
47110
47113
47114
47117
47138
47152
47163
47167
47170
47188
47200
47209
47213
47215
47222
47225
47231
47232
47243
47254
47259
47262
47267
47282
47287
47314
47339
47363
47376
47379
47382
47383
47411
47413
47415
47424
47432
47448
47456
47462
47482
47495
47522
47529
47556
47565
47567
47567
47584
47600
47600
47608
47624
47624
47631
47648
47657
47664
47690
47721
47730
47735
47738
47752
47771
47779
47788
47814
47816
47839
47843
47846
47847
47852
47871
47874
47880
47880
47882
47887
47901
47906
47912
47924
47948
47953
47955
47963
47963
47967
47989
47994
47995
47995
48021
48071
48075
48075
48097
48117
48121
48127
48131
48155
48157
48175
48176
48180
48191
48202
48205
48223
48232
48236
48241
48265
48272
48280
48282
48290
48300
48309
48321
48333
48353
48360
48364
48379
48380
48404
48430
48448
48451
48467
48478
48479
48495
48514
48518
48523
48544
48546
48546
48548
48596
48600
48605
48607
48612
48619
48647
48662
48666
48668
48692
48710
48715
48723
48725
48728
48728
48739
48740
48757
48761
48765
48767
48772
48784
48799
48805
48822
48829
48848
48861
48879
48892
48907
48925
48942
48943
48955
48956
48957
48959
48966
48968
48970
48980
48994
49006
49009
49020
49026
49042
49043
49052
49086
49096
49108
49113
49120
49121
49135
49140
49142
49154
49163
49173
49188
49192
49195
49196
49199
49247
49259
49268
49273
49275
49280
49300
49300
49305
49336
49393
49401
49449
49457
49460
49487
49488
49490
49499
49548
49570
49585
49590
49622
49626
49635
49642
49666
49668
49676
49682
49704
49716
49752
49752
49753
49773
49836
49837
49848
49854
49862
49865
49879
49879
49881
49888
49894
49894
49895
49906
49914
49915
49931
49934
49935
49939
49941
49944
49947
49959
49965
50001
50018
50019
50040
50041
50050
50053
50065
50084
50089
50094
50118
50139
50140
50146
50150
50170
50173
50179
50183
50186
50189
50205
50227
50241
50248
50258
50265
50265
50290
50312
50323
50333
50340
50347
50364
50378
50427
50438
50450
50450
50451
50454
50459
50477
50504
50509
50516
50529
50553
50565
50567
50582
50585
50586
50592
50594
50609
50612
50616
50648
50686
50692
50696
50713
50722
50732
50735
50736
50743
50753
50757
50758
50768
50780
50792
50799
50808
50817
50818
50818
50830
50854
50866
50871
50873
50879
50894
50907
50908
50928
50929
50932
50936
50940
50962
50967
50999
51000
51021
51032
51036
51053
51064
51098
51102
51106
51107
51119
51128
51131
51164
51174
51201
51211
51232
51247
51248
51249
51260
51264
51270
51271
51277
51277
51298
51310
51317
51326
51349
51352
51356
51361
51362
51372
51379
51391
51400
51407
51409
51411
51411
51412
51422
51424
51435
51440
51452
51452
51454
51464
51473
51483
51492
51494
51507
51508
51509
51510
51514
51526
51530
51534
51538
51548
51553
51559
51561
51572
51574
51603
51620
51625
51628
51640
51645
51649
51655
51673
51682
51708
51714
51728
51731
51740
51767
51770
51771
51772
51776
51779
51794
51806
51815
51826
51839
51840
51868
51892
51905
51912
51925
51945
51946
51951
51961
51974
51980
51983
51989
51996
52007
52019
52020
52047
52048
52065
52065
52088
52092
52099
52100
52108
52118
52120
52137
52140
52147
52147
52149
52169
52172
52179
52214
52223
52224
52225
52235
52243
52257
52263
52272
52290
52322
52323
52327
52353
52357
52362
52377
52377
52391
52396
52398
52402
52420
52428
52441
52454
52463
52469
52480
52493
52501
52522
52527
52539
52542
52546
52548
52549
52550
52551
52558
52583
52605
52613
52642
52650
52651
52669
52671
52673
52678
52690
52702
52712
52718
52723
52726
52729
52731
52736
52739
52743
52747
52762
52765
52769
52770
52773
52778
52835
52837
52850
52850
52852
52863
52871
52874
52881
52883
52891
52901
52902
52916
52918
52927
52929
52933
52959
52965
52972
52996
53002
53003
53011
53058
53081
53081
53087
53100
53112
53131
53139
53141
53145
53146
53155
53199
53206
53214
53215
53216
53224
53264
53265
53276
53292
53305
53306
53311
53334
53363
53369
53383
53394
53449
53471
53476
53485
53488
53519
53521
53557
53557
53567
53583
53605
53618
53621
53627
53644
53653
53665
53679
53691
53699
53702
53703
53710
53719
53722
53737
53768
53770
53782
53789
53795
53805
53821
53833
53839
53852
53853
53887
53969
53978
53995
53998
54017
54026
54059
54067
54075
54079
54079
54085
54085
54105
54117
54122
54124
54128
54146
54157
54161
54165
54175
54179
54194
54200
54202
54205
54233
54252
54253
54263
54304
54306
54312
54315
54315
54324
54324
54357
54358
54359
54383
54395
54410
54419
54420
54436
54440
54444
54455
54472
54477
54504
54526
54534
54539
54557
54562
54567
54582
54585
54588
54608
54617
54637
54645
54649
54650
54653
54657
54684
54697
54700
54707
54715
54750
54752
54758
54760
54772
54780
54817
54827
54832
54837
54841
54849
54884
54893
54912
54921
54924
54926
54926
54934
54938
54948
54955
54969
54991
54994
54996
55016
55016
55030
55032
55037
55040
55044
55047
55074
55076
55078
55089
55090
55094
55097
55106
55146
55162
55168
55187
55200
55209
55210
55213
55234
55237
55238
55258
55259
55268
55270
55283
55298
55309
55313
55314
55321
55324
55334
55338
55345
55350
55351
55360
55388
55400
55420
55426
55429
55435
55461
55471
55475
55482
55492
55492
55516
55532
55534
55538
55543
55566
55568
55569
55571
55581
55588
55595
55629
55634
55647
55656
55680
55699
55704
55704
55718
55720
55722
55729
55737
55773
55779
55782
55787
55803
55812
55823
55836
55841
55843
55849
55865
55878
55887
55892
55907
55913
55916
55920
55926
55930
55951
55969
55997
56008
56042
56045
56057
56066
56074
56078
56088
56094
56099
56120
56121
56151
56152
56203
56206
56211
56217
56219
56221
56227
56247
56248
56270
56275
56280
56282
56287
56293
56304
56315
56345
56347
56350
56350
56352
56353
56353
56366
56370
56372
56378
56393
56408
56433
56446
56446
56449
56455
56468
56468
56470
56507
56514
56520
56521
56529
56530
56539
56539
56544
56555
56555
56569
56573
56575
56592
56602
56602
56605
56609
56611
56623
56656
56679
56682
56689
56700
56705
56732
56733
56735
56745
56755
56755
56767
56769
56784
56793
56813
56819
56820
56823
56832
56847
56872
56875
56882
56885
56889
56893
56902
56909
56911
56921
56934
56937
56943
56964
56968
56977
56984
57007
57008
57015
57024
57034
57042
57049
57053
57057
57065
57071
57076
57080
57086
57090
57099
57125
57141
57155
57161
57177
57187
57192
57196
57196
57201
57216
57223
57226
57226
57228
57231
57231
57234
57260
57302
57305
57307
57312
57314
57326
57326
57332
57339
57347
57396
57402
57414
57425
57446
57460
57461
57482
57494
57521
57522
57535
57547
57556
57556
57570
57601
57603
57616
57631
57640
57647
57669
57676
57676
57695
57695
57736
57743
57761
57786
57795
57827
57827
57830
57837
57842
57848
57859
57889
57890
57890
57907
57912
57913
57920
57921
57925
57932
57944
57962
57964
57973
57999
58005
58042
58049
58050
58066
58072
58082
58092
58095
58109
58124
58129
58139
58143
58148
58149
58152
58158
58161
58166
58173
58176
58180
58182
58184
58203
58210
58216
58217
58221
58222
58233
58240
58243
58243
58244
58244
58251
58253
58261
58264
58270
58271
58274
58290
58300
58322
58348
58360
58363
58367
58368
58372
58376
58378
58383
58399
58414
58421
58435
58446
58466
58473
58479
58501
58509
58538
58544
58554
58555
58558
58562
58569
58606
58616
58625
58636
58637
58643
58652
58668
58686
58689
58703
58706
58713
58731
58740
58776
58796
58805
58809
58811
58818
58837
58846
58867
58889
58895
58901
58905
58920
58933
58940
58942
58954
58989
59006
59017
59024
59033
59046
59048
59061
59077
59082
59091
59111
59128
59153
59190
59213
59215
59228
59254
59263
59264
59289
59292
59302
59303
59305
59307
59328
59363
59364
59372
59385
59398
59400
59406
59431
59434
59436
59439
59449
59467
59473
59473
59493
59509
59525
59539
59551
59561
59570
59576
59579
59586
59602
59607
59609
59612
59628
59644
59645
59653
59655
59661
59663
59671
59671
59672
59674
59682
59693
59700
59714
59719
59720
59754
59792
59808
59824
59841
59851
59926
59944
59944
59945
59951
59961
59972
60001
60002
60009
60016
60026
60040
60043
60052
60061
60070
60072
60073
60073
60090
60098
60100
60102
60107
60117
60127
60158
60164
60164
60183
60189
60198
60198
60217
60219
60222
60228
60229
60233
60236
60271
60271
60271
60274
60275
60284
60284
60299
60304
60312
60317
60335
60336
60337
60344
60352
60353
60357
60364
60365
60370
60393
60413
60414
60419
60421
60422
60423
60426
60429
60434
60434
60447
60455
60456
60456
60457
60467
60488
60495
60512
60514
60516
60538
60545
60553
60582
60586
60589
60589
60604
60610
60644
60648
60653
60653
60680
60688
60692
60700
60713
60742
60746
60758
60776
60781
60796
60808
60816
60822
60825
60828
60837
60864
60865
60870
60873
60889
60891
60893
60901
60903
60903
60904
60915
60916
60928
60950
60956
60959
60976
60979
60980
60984
60989
61015
61021
61026
61030
61035
61055
61085
61097
61107
61109
61121
61144
61158
61160
61162
61164
61168
61170
61184
61190
61191
61209
61215
61228
61239
61247
61250
61258
61260
61263
61275
61276
61279
61318
61335
61338
61356
61357
61358
61372
61381
61426
61453
61480
61497
61502
61540
61563
61570
61585
61601
61632
61657
61675
61704
61706
61731
61732
61746
61749
61753
61762
61764
61793
61793
61795
61801
61802
61836
61891
61920
61934
61974
61988
62018
62021
62034
62045
62047
62052
62061
62081
62082
62084
62086
62097
62111
62127
62147
62150
62156
62158
62163
62174
62197
62208
62209
62211
62215
62246
62248
62260
62263
62270
62296
62317
62318
62331
62334
62350
62359
62359
62376
62381
62386
62392
62397
62409
62440
62450
62468
62493
62502
62508
62508
62513
62558
62559
62561
62562
62605
62605
62608
62617
62628
62640
62649
62654
62664
62681
62686
62689
62692
62707
62714
62714
62734
62735
62738
62740
62745
62748
62749
62753
62757
62790
62792
62799
62800
62802
62817
62824
62831
62832
62833
62842
62844
62844
62852
62862
62897
62918
62919
62924
62925
62936
62937
62956
62960
62977
62983
62984
62986
62991
62992
62993
63009
63020
63034
63041
63071
63073
63080
63083
63087
63096
63099
63107
63120
63165
63176
63183
63206
63225
63232
63233
63243
63263
63264
63268
63271
63277
63292
63304
63309
63315
63315
63328
63331
63335
63347
63348
63352
63363
63366
63374
63382
63385
63418
63422
63428
63428
63432
63437
63438
63453
63460
63463
63474
63481
63483
63484
63487
63512
63518
63527
63560
63564
63595
63597
63615
63651
63663
63673
63687
63697
63713
63719
63733
63746
63750
63758
63761
63762
63768
63778
63795
63802
63805
63807
63815
63819
63826
63833
63850
63872
63893
63898
63904
63916
63922
63936
63943
63949
63951
63956
63958
63970
63994
64003
64011
64019
64063
64078
64080
64094
64108
64115
64135
64149
64156
64158
64164
64174
64190
64192
64193
64218
64233
64237
64296
64305
64307
64311
64311
64322
64336
64338
64350
64350
64363
64365
64365
64370
64374
64393
64403
64417
64417
64420
64438
64439
64441
64456
64468
64471
64480
64483
64487
64496
64517
64520
64538
64540
64548
64553
64574
64579
64584
64584
64584
64588
64595
64643
64673
64674
64680
64698
64699
64703
64706
64710
64714
64714
64728
64751
64757
64763
64763
64781
64818
64826
64837
64838
64851
64859
64865
64896
64899
64915
64920
64943
64951
64961
64969
64988
64993
64993
65000
65043
65052
65063
65071
65085
65089
65092
65094
65095
65101
65124
65124
65145
65163
65165
65172
65181
65188
65190
65207
65211
65220
65220
65230
65234
65250
65258
65263
65267
65267
65282
65297
65301
65309
65309
65326
65338
65369
65372
65387
65395
65405
65424
65424
65431
65439
65443
65445
65451
65484
65497
65503
65507
65524
65529
65532
65556
65571
65576
65577
65589
65603
65658
65670
65672
65680
65682
65688
65706
65749
65752
65752
65790
65791
65811
65813
65822
65844
65845
65860
65860
65861
65862
65877
65888
65892
65926
65955
65960
65964
65972
65991
65995
66013
66040
66063
66080
66081
66088
66095
66110
66128
66134
66158
66178
66182
66202
66207
66217
66222
66245
66255
66265
66268
66270
66273
66276
66283
66284
66299
66301
66312
66314
66331
66338
66350
66357
66376
66379
66442
66447
66448
66463
66499
66510
66515
66519
66526
66528
66536
66541
66542
66555
66558
66564
66586
66597
66604
66604
66612
66616
66627
66649
66656
66656
66660
66678
66696
66698
66712
66725
66744
66755
66761
66762
66779
66782
66840
66849
66869
66878
66881
66911
66912
66922
66927
66947
66968
66979
67002
67006
67006
67012
67017
67023
67038
67047
67049
67088
67091
67099
67106
67125
67130
67130
67138
67140
67145
67154
67175
67183
67191
67196
67207
67207
67210
67211
67212
67225
67230
67230
67232
67234
67244
67254
67257
67261
67263
67269
67279
67288
67295
67297
67337
67337
67340
67348
67358
67359
67377
67384
67418
67441
67443
67459
67473
67490
67495
67502
67526
67537
67574
67588
67596
67597
67608
67610
67613
67624
67641
67642
67669
67697
67715
67718
67726
67752
67753
67757
67772
67789
67805
67820
67838
67854
67868
67884
67885
67892
67920
67927
67927
67931
67941
67991
68014
68029
68029
68041
68076
68080
68093
68094
68094
68100
68112
68119
68122
68137
68157
68164
68165
68168
68187
68189
68204
68207
68231
68237
68244
68252
68264
68266
68288
68294
68311
68314
68320
68325
68328
68336
68348
68360
68365
68374
68381
68387
68398
68406
68408
68412
68428
68434
68443
68466
68471
68506
68514
68527
68542
68545
68548
68556
68557
68582
68604
68623
68629
68634
68645
68671
68673
68675
68675
68675
68676
68684
68701
68705
68733
68747
68748
68751
68785
68794
68819
68827
68839
68856
68858
68859
68865
68882
68891
68928
68948
68957
68963
68969
68979
68981
68987
69007
69012
69019
69027
69029
69036
69050
69052
69052
69053
69067
69074
69076
69097
69098
69099
69104
69112
69114
69120
69148
69156
69197
69198
69245
69245
69257
69262
69263
69266
69272
69303
69353
69360
69361
69364
69377
69380
69404
69405
69417
69427
69434
69434
69435
69447
69473
69524
69535
69538
69549
69561
69566
69572
69576
69598
69605
69621
69636
69640
69655
69660
69667
69683
69683
69687
69705
69716
69766
69818
69820
69824
69843
69872
69873
69878
69893
69894
69894
69896
69906
69910
69913
69914
69924
69956
69958
69976
69976
69977
69979
69989
69991
69999
70008
70012
70028
70056
70065
70072
70073
70077
70087
70120
70129
70130
70143
70145
70154
70157
70183
70185
70186
70194
70216
70217
70221
70221
70224
70232
70251
70261
70275
70281
70293
70299
70304
70319
70329
70336
70349
70353
70353
70359
70359
70360
70379
70390
70400
70459
70480
70487
70507
70533
70544
70559
70562
70565
70571
70579
70590
70598
70605
70614
70617
70625
70636
70639
70676
70680
70682
70695
70695
70704
70717
70719
70726
70727
70760
70769
70781
70787
70788
70795
70813
70817
70818
70846
70866
70869
70877
70890
70910
70922
70930
70942
70951
70953
70961
70964
70995
71000
71005
71007
71012
71023
71026
71027
71031
71034
71059
71067
71079
71092
71097
71114
71125
71127
71142
71198
71202
71204
71208
71218
71223
71228
71244
71250
71263
71279
71284
71287
71301
71303
71330
71334
71336
71337
71341
71357
71363
71399
71412
71442
71443
71445
71458
71516
71521
71530
71555
71558
71569
71576
71591
71623
71667
71689
71698
71710
71724
71742
71746
71746
71755
71758
71759
71768
71775
71777
71778
71799
71810
71835
71837
71837
71858
71868
71874
71879
71887
71908
71909
71926
71927
71928
71942
71945
71952
71957
71975
71982
72010
72011
72013
72015
72017
72030
72034
72035
72039
72041
72051
72067
72073
72080
72083
72098
72103
72103
72103
72105
72107
72108
72109
72111
72116
72144
72157
72161
72167
72169
72174
72181
72182
72186
72190
72196
72213
72226
72259
72260
72261
72263
72270
72288
72309
72312
72325
72336
72342
72343
72353
72355
72358
72370
72375
72378
72381
72439
72449
72470
72471
72472
72479
72489
72495
72501
72505
72507
72518
72522
72534
72543
72544
72547
72561
72564
72572
72580
72594
72600
72619
72621
72638
72643
72647
72676
72695
72697
72710
72716
72716
72744
72798
72809
72813
72818
72826
72831
72845
72848
72855
72865
72866
72867
72886
72891
72892
72907
72928
72930
72949
72954
72989
73007
73007
73021
73029
73037
73040
73042
73054
73062
73067
73085
73085
73088
73096
73105
73106
73107
73109
73115
73130
73131
73135
73137
73160
73163
73169
73185
73221
73224
73242
73255
73259
73277
73285
73293
73295
73318
73319
73323
73332
73335
73353
73355
73359
73360
73372
73387
73390
73393
73400
73410
73417
73417
73438
73477
73486
73497
73499
73522
73524
73529
73536
73545
73563
73601
73602
73604
73612
73615
73623
73628
73629
73637
73648
73655
73686
73692
73695
73695
73719
73720
73721
73731
73733
73750
73765
73772
73821
73824
73842
73858
73869
73894
73897
73910
73912
73913
73921
73925
73928
73929
73939
73945
73975
73988
73996
74000
74020
74020
74021
74031
74049
74054
74082
74086
74087
74090
74110
74115
74126
74131
74136
74186
74191
74194
74196
74206
74211
74214
74214
74215
74240
74241
74246
74247
74263
74263
74269
74272
74272
74287
74287
74288
74291
74301
74303
74308
74313
74319
74326
74338
74344
74346
74357
74362
74379
74392
74415
74415
74416
74449
74461
74466
74493
74500
74520
74530
74549
74554
74555
74565
74586
74603
74640
74641
74657
74662
74675
74691
74698
74711
74723
74725
74735
74739
74742
74763
74765
74769
74836
74860
74871
74874
74880
74884
74893
74900
74909
74910
74919
74921
74931
74933
74939
74939
74959
74964
74969
74976
74980
74983
74995
74996
74999
75012
75017
75022
75034
75055
75066
75070
75078
75078
75086
75095
75103
75117
75161
75167
75205
75207
75211
75246
75256
75258
75293
75310
75332
75345
75349
75355
75377
75401
75402
75407
75442
75447
75450
75454
75492
75499
75505
75533
75551
75582
75595
75607
75616
75618
75619
75625
75636
75636
75644
75645
75652
75677
75683
75687
75696
75703
75705
75707
75714
75717
75724
75739
75755
75767
75783
75797
75799
75808
75821
75844
75849
75862
75864
75865
75911
75915
75915
75921
75922
75931
75937
75949
75951
75984
75994
75996
76006
76008
76025
76035
76039
76040
76042
76052
76054
76068
76073
76086
76098
76112
76132
76150
76153
76156
76161
76175
76189
76191
76206
76211
76215
76243
76265
76271
76282
76288
76289
76295
76296
76305
76311
76324
76328
76341
76345
76379
76383
76389
76391
76404
76406
76408
76411
76416
76425
76425
76432
76434
76447
76460
76475
76536
76538
76540
76561
76563
76587
76591
76597
76601
76604
76615
76624
76629
76630
76637
76646
76647
76649
76655
76656
76657
76700
76711
76728
76746
76761
76763
76771
76776
76784
76787
76787
76789
76802
76828
76830
76832
76833
76859
76891
76895
76897
76905
76914
76915
76943
76944
76957
76959
76959
76965
76983
77012
77040
77041
77110
77110
77112
77126
77130
77136
77138
77140
77145
77151
77157
77159
77165
77180
77211
77217
77256
77265
77266
77268
77269
77273
77276
77287
77296
77297
77303
77313
77331
77332
77344
77357
77375
77382
77405
77440
77446
77448
77454
77459
77461
77489
77504
77506
77510
77522
77526
77551
77572
77572
77574
77579
77595
77597
77600
77601
77628
77639
77643
77643
77645
77672
77680
77683
77684
77686
77702
77736
77740
77741
77757
77764
77771
77775
77776
77779
77785
77791
77801
77809
77833
77833
77844
77863
77870
77872
77875
77882
77883
77896
77900
77905
77911
77937
77959
77963
77967
77983
77988
78027
78038
78043
78048
78066
78070
78094
78104
78105
78107
78111
78112
78130
78131
78134
78144
78157
78161
78168
78171
78186
78191
78194
78217
78222
78238
78243
78251
78254
78266
78275
78280
78288
78291
78295
78297
78306
78312
78314
78329
78343
78352
78354
78355
78372
78377
78377
78379
78379
78385
78398
78408
78411
78417
78428
78434
78435
78443
78455
78466
78474
78480
78495
78528
78544
78576
78578
78601
78617
78628
78640
78642
78644
78653
78654
78666
78666
78670
78675
78704
78710
78720
78741
78745
78752
78776
78777
78795
78819
78837
78847
78848
78855
78864
78866
78880
78880
78901
78920
78924
78925
78927
78937
78942
78985
78988
78991
78996
79004
79014
79017
79020
79025
79025
79035
79060
79061
79061
79066
79068
79069
79080
79090
79112
79112
79123
79144
79165
79167
79176
79185
79193
79219
79221
79224
79253
79254
79257
79268
79274
79288
79298
79324
79344
79372
79372
79378
79390
79399
79408
79423
79432
79432
79440
79445
79462
79471
79473
79478
79485
79516
79517
79535
79540
79549
79562
79562
79563
79569
79582
79588
79598
79599
79610
79624
79635
79643
79654
79659
79665
79666
79679
79697
79702
79720
79723
79723
79728
79788
79803
79815
79816
79823
79825
79836
79845
79859
79864
79868
79872
79874
79877
79880
79896
79905
79933
79952
79986
79987
79991
79999
80003
80007
80016
80027
80032
80042
80058
80063
80073
80078
80109
80114
80119
80126
80146
80148
80150
80155
80170
80170
80188
80202
80209
80214
80217
80237
80239
80249
80250
80250
80256
80260
80278
80278
80279
80285
80301
80301
80316
80332
80337
80340
80343
80344
80345
80348
80360
80375
80375
80377
80380
80412
80429
80435
80451
80456
80456
80465
80468
80471
80485
80501
80505
80513
80534
80535
80563
80567
80576
80581
80583
80590
80601
80607
80620
80626
80635
80655
80659
80661
80673
80676
80680
80717
80718
80724
80724
80759
80764
80775
80789
80790
80793
80796
80802
80803
80807
80813
80822
80836
80836
80857
80862
80863
80877
80886
80892
80897
80902
80912
80920
80925
80952
80958
80974
80980
80987
80996
81007
81016
81025
81032
81034
81065
81066
81087
81103
81110
81113
81148
81153
81172
81184
81189
81194
81196
81202
81268
81278
81283
81290
81302
81335
81339
81363
81369
81396
81405
81423
81441
81443
81446
81449
81458
81479
81497
81498
81505
81507
81510
81536
81541
81556
81566
81575
81585
81605
81610
81616
81630
81636
81663
81665
81669
81681
81691
81710
81717
81723
81729
81731
81731
81748
81750
81754
81778
81797
81798
81805
81815
81816
81817
81851
81852
81855
81855
81868
81880
81884
81890
81895
81929
81929
81937
81938
81947
81955
81964
81974
82004
82019
82020
82025
82031
82033
82037
82085
82103
82135
82142
82143
82145
82150
82160
82167
82169
82174
82176
82186
82193
82199
82200
82206
82225
82249
82259
82299
82313
82316
82329
82332
82334
82347
82355
82359
82363
82371
82388
82402
82440
82441
82447
82467
82489
82489
82516
82520
82520
82526
82533
82536
82562
82577
82578
82617
82621
82621
82628
82632
82643
82648
82663
82669
82687
82694
82698
82722
82734
82738
82755
82759
82777
82785
82788
82801
82823
82828
82837
82843
82850
82853
82857
82859
82875
82884
82900
82902
82910
82919
82928
82954
82955
82955
82960
82977
82982
82992
83008
83016
83024
83026
83034
83035
83039
83044
83062
83068
83069
83069
83072
83085
83111
83135
83145
83146
83159
83164
83164
83174
83179
83180
83184
83191
83195
83200
83206
83207
83234
83240
83246
83251
83252
83266
83318
83325
83331
83338
83349
83352
83357
83375
83378
83399
83429
83435
83437
83468
83471
83476
83477
83480
83481
83486
83488
83530
83535
83536
83560
83560
83567
83575
83575
83578
83578
83603
83605
83609
83624
83624
83627
83680
83683
83687
83709
83711
83720
83734
83737
83745
83751
83780
83785
83790
83794
83798
83803
83806
83811
83816
83828
83835
83839
83865
83873
83874
83877
83885
83893
83898
83902
83905
83932
83955
83965
83971
83975
83982
83988
83994
83998
84005
84005
84007
84027
84027
84064
84065
84079
84097
84114
84133
84134
84170
84173
84179
84181
84183
84199
84211
84211
84252
84261
84264
84269
84270
84285
84290
84308
84319
84323
84332
84339
84362
84390
84392
84403
84407
84422
84424
84436
84440
84457
84464
84470
84495
84514
84537
84544
84550
84565
84573
84579
84582
84601
84635
84652
84671
84675
84682
84695
84699
84711
84724
84742
84743
84750
84778
84786
84792
84808
84815
84824
84825
84848
84850
84851
84868
84881
84895
84905
84912
84919
84921
84923
84934
84978
84990
85001
85019
85027
85030
85045
85047
85050
85055
85080
85083
85084
85103
85111
85134
85158
85158
85158
85162
85173
85177
85187
85195
85196
85197
85245
85247
85274
85277
85301
85308
85337
85340
85349
85362
85363
85370
85379
85399
85404
85411
85422
85433
85437
85458
85458
85468
85469
85474
85482
85515
85521
85528
85544
85546
85552
85558
85561
85562
85568
85587
85600
85621
85623
85631
85631
85636
85646
85646
85665
85668
85674
85691
85703
85704
85704
85725
85749
85761
85779
85779
85782
85782
85783
85793
85802
85806
85807
85822
85822
85840
85859
85864
85899
85925
85927
85939
85977
85978
85986
85989
86002
86009
86049
86053
86067
86092
86093
86104
86113
86117
86127
86129
86133
86159
86191
86200
86225
86232
86247
86258
86268
86271
86277
86282
86287
86291
86300
86312
86314
86318
86318
86320
86331
86336
86342
86351
86379
86384
86421
86423
86427
86428
86430
86451
86466
86467
86484
86491
86529
86529
86553
86556
86557
86581
86585
86604
86618
86622
86635
86636
86637
86640
86647
86656
86656
86665
86680
86701
86725
86726
86733
86735
86735
86744
86748
86751
86752
86757
86760
86765
86784
86800
86811
86817
86829
86838
86843
86850
86861
86861
86862
86879
86882
86896
86906
86910
86915
86919
86922
86922
86926
86935
86975
86976
86976
86989
86990
87005
87012
87018
87019
87046
87074
87100
87101
87125
87129
87130
87136
87145
87167
87170
87219
87223
87237
87256
87262
87282
87291
87293
87313
87317
87324
87327
87334
87349
87357
87374
87398
87405
87406
87419
87446
87446
87465
87478
87480
87487
87491
87492
87498
87512
87513
87517
87528
87542
87557
87571
87580
87592
87600
87609
87627
87639
87644
87661
87669
87670
87713
87722
87745
87749
87767
87781
87801
87813
87829
87838
87841
87847
87858
87868
87872
87874
87892
87895
87917
87942
87949
87949
87953
87964
87982
87987
87987
87996
88002
88007
88040
88045
88047
88050
88054
88055
88055
88073
88109
88111
88117
88127
88127
88136
88145
88154
88177
88183
88185
88189
88207
88220
88237
88266
88276
88276
88296
88341
88345
88352
88358
88369
88374
88379
88379
88382
88386
88386
88390
88415
88416
88428
88446
88452
88454
88457
88503
88505
88508
88508
88510
88522
88522
88524
88541
88560
88577
88585
88588
88596
88598
88614
88626
88629
88648
88661
88667
88668
88668
88702
88703
88712
88742
88753
88786
88799
88803
88808
88813
88821
88838
88849
88854
88883
88898
88903
88904
88930
88932
88954
88960
88977
88977
88983
88992
88993
89001
89006
89011
89013
89019
89021
89033
89036
89059
89060
89068
89083
89100
89109
89125
89130
89134
89143
89153
89168
89182
89184
89184
89192
89203
89232
89245
89256
89257
89262
89270
89278
89292
89294
89313
89314
89317
89326
89332
89347
89347
89348
89362
89384
89387
89390
89408
89416
89429
89430
89435
89436
89447
89462
89478
89481
89486
89490
89520
89524
89526
89537
89559
89565
89575
89584
89593
89594
89597
89614
89622
89646
89649
89656
89658
89674
89681
89687
89703
89707
89724
89734
89747
89768
89769
89775
89784
89785
89786
89826
89830
89841
89853
89854
89868
89871
89875
89882
89883
89887
89894
89901
89958
89963
89971
89985
90017
90020
90027
90028
90033
90042
90060
90072
90077
90079
90096
90097
90098
90102
90105
90106
90119
90126
90128
90131
90134
90139
90142
90146
90149
90152
90157
90164
90174
90209
90212
90213
90228
90231
90232
90244
90264
90266
90267
90275
90279
90283
90300
90304
90309
90312
90313
90319
90321
90360
90361
90366
90379
90395
90408
90423
90435
90445
90446
90453
90454
90455
90459
90473
90477
90482
90490
90499
90504
90505
90513
90513
90520
90529
90555
90566
90569
90573
90587
90589
90593
90603
90629
90630
90639
90639
90640
90643
90643
90658
90665
90674
90682
90685
90691
90691
90693
90696
90697
90698
90700
90704
90707
90712
90713
90713
90721
90730
90753
90756
90759
90771
90781
90801
90803
90813
90814
90830
90836
90854
90854
90868
90873
90878
90891
90910
90916
90925
90931
90943
90959
90960
90971
91008
91022
91027
91030
91031
91065
91068
91077
91088
91098
91102
91122
91129
91132
91134
91183
91184
91208
91232
91240
91245
91246
91254
91258
91268
91282
91287
91305
91323
91335
91346
91349
91350
91368
91372
91374
91377
91379
91382
91383
91384
91393
91402
91423
91423
91431
91440
91441
91473
91491
91495
91496
91522
91525
91545
91547
91565
91566
91571
91581
91602
91609
91616
91637
91640
91640
91667
91680
91715
91717
91723
91726
91733
91741
91752
91755
91763
91773
91774
91803
91804
91804
91805
91807
91836
91838
91838
91844
91873
91880
91886
91893
91925
91926
91931
91941
91947
91948
91955
91964
91964
91965
91972
91977
91985
91987
91988
91996
92000
92005
92033
92037
92039
92042
92042
92078
92081
92087
92090
92099
92103
92139
92149
92160
92182
92188
92194
92232
92234
92236
92247
92254
92256
92259
92271
92278
92288
92297
92299
92301
92318
92318
92327
92332
92342
92343
92366
92389
92394
92395
92397
92412
92431
92446
92448
92460
92463
92472
92494
92506
92507
92514
92528
92534
92537
92539
92542
92546
92549
92552
92556
92567
92572
92589
92605
92609
92611
92615
92621
92643
92648
92659
92676
92684
92686
92691
92692
92701
92716
92731
92733
92738
92742
92747
92750
92756
92765
92766
92772
92803
92807
92814
92820
92824
92835
92845
92859
92865
92866
92870
92875
92875
92879
92886
92890
92902
92906
92920
92922
92929
92931
92932
92936
92947
92966
92977
92985
92987
93015
93020
93034
93041
93042
93050
93063
93064
93069
93079
93085
93122
93139
93147
93159
93165
93166
93177
93182
93184
93190
93206
93216
93243
93245
93253
93257
93258
93260
93274
93281
93284
93326
93335
93351
93373
93373
93376
93378
93403
93416
93420
93442
93455
93461
93483
93490
93494
93513
93519
93525
93545
93553
93566
93583
93584
93594
93597
93617
93624
93647
93695
93701
93744
93754
93768
93772
93784
93791
93803
93813
93822
93823
93839
93853
93856
93866
93871
93882
93885
93890
93907
93922
93923
93934
93939
93945
93954
93961
93970
93978
93980
93988
93995
94001
94012
94027
94036
94053
94059
94060
94061
94065
94069
94099
94121
94123
94128
94130
94154
94155
94221
94235
94242
94242
94267
94275
94277
94288
94289
94297
94309
94318
94330
94342
94342
94342
94348
94362
94372
94380
94397
94400
94405
94440
94447
94470
94474
94479
94505
94513
94515
94516
94548
94554
94558
94561
94562
94574
94582
94587
94600
94602
94635
94644
94650
94665
94665
94674
94679
94689
94703
94709
94712
94715
94744
94747
94757
94770
94776
94784
94791
94796
94813
94814
94815
94815
94817
94834
94835
94858
94892
94895
94899
94906
94928
94932
94966
94984
94993
95004
95012
95022
95024
95028
95035
95037
95042
95045
95050
95060
95064
95075
95134
95145
95165
95177
95193
95202
95230
95234
95237
95241
95245
95259
95269
95274
95283
95292
95293
95307
95314
95316
95348
95350
95354
95376
95378
95397
95399
95421
95474
95474
95497
95497
95499
95502
95510
95514
95547
95561
95564
95567
95587
95591
95593
95604
95618
95619
95623
95630
95633
95657
95665
95670
95684
95689
95699
95704
95711
95711
95717
95723
95732
95733
95753
95763
95768
95783
95785
95791
95796
95800
95811
95827
95832
95854
95866
95921
95926
95935
95936
95946
95960
95962
95968
95970
95986
95996
96004
96007
96014
96032
96035
96042
96043
96045
96057
96061
96072
96085
96092
96097
96102
96105
96107
96112
96117
96117
96119
96123
96127
96134
96157
96165
96169
96173
96178
96187
96200
96214
96221
96229
96229
96230
96231
96237
96276
96305
96314
96316
96340
96356
96356
96364
96374
96396
96404
96406
96421
96421
96445
96451
96458
96465
96466
96474
96474
96486
96497
96506
96507
96508
96521
96534
96539
96572
96574
96574
96597
96599
96616
96617
96618
96621
96632
96658
96662
96667
96678
96679
96685
96688
96696
96708
96713
96742
96742
96745
96746
96762
96765
96789
96828
96838
96846
96851
96855
96875
96875
96890
96920
96952
96953
96953
96956
96958
96979
96982
96984
96999
97004
97007
97023
97026
97030
97040
97044
97050
97055
97059
97087
97097
97103
97104
97106
97108
97112
97114
97144
97146
97153
97153
97157
97162
97170
97174
97183
97196
97206
97210
97219
97222
97224
97229
97281
97282
97284
97310
97354
97379
97379
97386
97422
97439
97456
97481
97492
97497
97527
97533
97536
97536
97537
97541
97549
97556
97578
97582
97591
97594
97597
97605
97621
97621
97629
97632
97642
97649
97653
97662
97672
97680
97684
97688
97707
97746
97763
97773
97774
97777
97782
97797
97802
97844
97861
97877
97882
97884
97904
97904
97905
97905
97919
97919
97921
97959
97975
97984
97988
98003
98004
98031
98034
98040
98041
98042
98048
98049
98060
98062
98067
98080
98098
98127
98135
98140
98165
98168
98170
98186
98198
98200
98209
98210
98237
98280
98288
98292
98297
98310
98319
98327
98349
98352
98353
98360
98369
98378
98392
98404
98414
98421
98423
98425
98440
98450
98454
98456
98465
98471
98471
98483
98488
98500
98542
98566
98570
98570
98606
98607
98608
98620
98640
98645
98652
98666
98671
98701
98717
98719
98720
98740
98759
98786
98789
98796
98811
98827
98853
98877
98887
98895
98898
98927
98930
98934
98939
98943
98974
98975
98985
98987
98996
98998
99001
99005
99006
99014
99018
99057
99079
99088
99094
99100
99104
99105
99120
99130
99131
99132
99139
99144
99194
99200
99207
99207
99216
99233
99255
99263
99267
99277
99295
99303
99310
99314
99314
99318
99344
99349
99355
99369
99369
99369
99370
99379
99387
99395
99418
99423
99430
99433
99442
99463
99464
99472
99511
99515
99518
99522
99531
99533
99562
99568
99589
99593
99594
99595
99615
99621
99629
99632
99642
99643
99667
99674
99686
99689
99706
99713
99718
99719
99719
99746
99748
99758
99759
99762
99764
99815
99822
99829
99846
99847
99852
99856
99869
99873
99873
99901
99908
99916
99921
99924
99965
99981
99985
99986
99991
99992
99993
