7416
1887
2461
8550
4124
7640
4072
2261
5317
4588
4630
6891
2446
3084
6472
7365
9440
1215
9219
1562
6711
5798
2668
4836
415
3323
6966
7040
7048
8256
6778
4463
143
5590
9364
4266
9581
9787
2879
1250
4375
3860
8140
3172
6944
964
536
2735
2178
6107
4296
8888
1904
3315
75
2318
6637
3392
5710
36
1648
8839
850
8142
4429
6565
8759
361
6351
1637
1610
7077
5497
9750
249
8792
713
7136
1526
9242
3242
2173
8130
1497
5487
4556
167
2123
7948
5876
8510
9595
4714
9359
7736
5494
5923
2846
5855
2273
4483
3816
5702
6331
3565
2302
1474
629
9437
9351
9871
9031
1523
4352
6879
7009
5259
7045
5483
3206
9272
3992
9152
338
3350
3239
5831
9272
6085
8037
7896
567
1853
9949
3249
1769
8602
4722
8750
8039
424
4972
3421
1946
9323
299
8954
4581
7344
788
4139
2967
4779
3290
3304
4480
6529
5487
103
2613
3523
4350
9531
1727
4299
9131
3496
2900
204
2245
7290
627
7216
710
2572
2890
7361
7877
3822
1056
8664
4312
4022
3442
7602
7326
7921
4130
2812
4375
3094
2686
8724
8976
4413
9374
8106
7908
2274
8309
6504
5915
8935
71
2977
7858
9312
337
5734
9485
1392
4397
3797
5413
4190
1398
9090
8462
1879
1901
2836
1324
4587
7911
299
5351
7285
8404
3258
5910
3064
6113
1824
8350
6183
4800
6207
1846
1488
8292
1330
9231
9040
5126
996
9581
2875
85
4394
4753
8338
7229
2428
9276
1491
2726
4626
8775
7481
4235
4684
544
6699
2860
5245
9233
7659
7803
1078
5499
6094
2407
4729
1485
7533
5724
1065
6759
5809
5458
1512
498
9038
3939
9773
529
3017
750
5655
497
4984
339
7393
8034
9550
2637
7266
3560
440
8343
9058
2885
749
3787
4370
4633
9510
1786
1392
1670
3596
9255
8519
2633
9545
8291
9513
2561
5392
5168
9410
375
1858
6802
4760
1407
5790
2025
4966
2581
367
376
5466
7468
4162
6187
8452
23
4324
6195
8045
7919
5449
6563
552
1346
1206
6416
258
6597
1583
9667
3324
9792
2820
8083
7550
8610
108
8868
1190
474
9243
3007
4293
9756
9193
2745
9778
3517
8939
4174
7787
740
737
8338
2085
1942
1106
2342
8538
2688
8361
1861
8832
1180
9944
6381
6141
6403
1600
3683
3228
842
6689
7521
597
2234
265
6727
2102
9203
900
9888
6294
1636
4578
8378
9929
5683
7072
4819
4722
5432
6679
3553
2963
2974
6286
9104
5728
7885
2786
8956
8727
5826
6476
5675
8059
6740
2401
6512
2294
3301
6400
4940
1288
977
3317
7569
3011
6740
2387
7732
8523
5417
7637
1486
4743
3922
6941
470
8158
6078
9425
3236
1903
5900
8911
6314
8991
7663
2825
7637
7315
9224
2576
4955
6552
2244
2523
5914
8984
4909
3646
7506
325
7634
5343
5067
1555
8635
5537
6064
4712
1313
9300
6615
7213
4562
2928
2555
2224
5752
6543
5891
1328
9118
845
4231
7714
3367
145
3049
8275
3790
6906
8599
1423
2249
18
9329
883
1906
1744
5595
3218
7395
8561
6782
1956
7840
9337
532
3591
2231
6422
1270
1349
7266
5501
5414
632
5645
8462
5258
5786
5367
208
3560
3967
225
9240
4850
2130
983
6796
5348
8378
1708
2129
6685
9547
7817
7216
3137
48
3637
759
7748
902
6259
3161
7885
1903
7974
3142
4040
3340
3350
7599
7307
3574
6838
8508
2056
4172
1655
3755
2549
3362
5883
9234
2908
52
6449
2396
6451
6438
3154
4198
3691
9412
3710
1576
7666
8035
4717
1705
1374
4418
9303
5032
4344
2492
9891
6399
6664
1545
153
9212
4906
2387
4797
7813
8790
7598
209
5240
4035
3362
5789
4077
2774
5850
5652
439
3884
6721
8496
1610
1138
7798
6641
5481
290
2884
8231
3305
4428
4735
8868
9334
7122
3665
7146
5911
7614
3706
1151
8000
7068
3291
2076
6193
9141
7728
2983
3024
800
1478
985
1937
5628
3978
3770
2269
6861
8352
5573
1288
3087
4440
621
6560
4456
4119
2470
2069
7824
9972
6420
1243
9615
8496
7435
8755
2575
418
8130
3374
8247
9115
1662
3874
9444
1783
6142
6304
135
8066
3943
9573
2506
916
6132
3313
5034
4953
1734
9209
1277
8153
452
891
3000
7886
5997
5574
4655
4126
5299
2902
9592
3313
6775
9035
5095
9269
1690
1581
7334
5633
7505
6191
2900
3636
9504
7933
4941
7589
3493
6217
2093
3944
3459
5093
8182
9455
7018
9188
3580
2317
2089
9524
5629
5216
4910
7075
836
2952
8656
4521
4936
6160
712
7835
6148
6567
2119
7440
4155
5611
3656
6247
5907
7114
7691
4088
2920
4709
3275
2851
3377
1716
2374
9005
3283
3636
2431
4118
6587
1086
8638
1522
3598
5701
9356
6097
2267
1474
3536
2773
3436
3543
5372
9342
7008
9414
3429
9927
4122
3056
2777
7498
1123
1503
2854
4405
5138
5285
4874
1724
2722
9863
9597
2671
5564
5304
5119
4182
6777
8654
3307
6564
8548
5030
5906
5555
4443
5686
1833
4917
5093
4610
2414
6215
6112
1620
6971
7601
3256
8196
5676
5977
8059
5272
5000
9974
575
118
4155
3703
5124
3813
266
3671
8842
6171
5578
9637
8209
7410
4553
3301
8371
3318
9516
834
1289
2838
4786
4544
1034
461
6873
9092
5732
1872
5417
2658
8341
9571
6360
3464
9736
2978
3487
4929
5500
9064
4565
3708
2825
5469
7009
7548
8787
2876
4733
6427
5713
9519
971
3098
9979
7843
8541
5711
6066
3957
8368
4406
9880
1080
4222
9615
4057
7708
895
9556
3123
5460
9616
2299
7280
6624
9846
2418
5851
931
8845
1563
449
9815
1013
427
4009
9553
2489
6426
9862
7209
831
9741
4640
1404
5707
8696
9111
6601
4603
8585
8412
4218
884
5692
7193
7081
8109
3043
8011
3305
958
8459
9471
1970
5238
3479
7874
4078
6256
7735
1286
3439
7475
5925
4842
3181
972
3953
6134
5575
8889
4545
6144
9772
6588
3337
6853
