569
1351
6840
6210
8108
3480
5984
8675
9683
1423
1783
6646
3841
6735
3976
4056
9551
468
5956
927
8294
8335
2958
9894
6633
5502
257
3418
5856
9544
6273
6940
7362
3600
9727
5138
8722
2323
4397
2126
1217
2935
3497
4866
7838
7474
8371
3818
9159
5201
9071
5992
8416
6916
426
5538
9331
5325
1927
2452
3717
6631
654
8543
5626
7130
5086
6055
5988
4676
3940
4327
4131
6220
4507
5372
2779
2628
9763
1295
8246
2843
6899
4723
51
7013
9410
2254
294
9152
3554
619
7958
6718
4997
9302
2183
2465
7132
2348
2120
6095
3539
6503
7017
9881
2749
779
8785
1804
6437
7544
8414
9914
2363
7775
4441
2981
2718
3125
3185
4492
6311
9948
1230
1950
8677
5908
9334
9751
4284
9740
3531
3728
3724
225
3827
3649
9193
652
4945
3364
3782
8183
1717
4085
2116
3269
5838
5822
1068
3166
3083
5719
8029
4460
4306
2374
1968
8860
9445
7996
6552
9644
2833
653
3434
1714
4300
4665
5606
2967
2497
1915
8879
9086
7906
7584
8803
9149
2033
2922
4425
3422
1623
9503
2784
300
7394
4099
8798
7152
5072
5859
8706
237
2510
3833
7330
3760
9279
2071
4459
3756
9664
2970
7570
495
4082
7403
3325
7572
4483
946
1471
9898
8567
634
2882
3362
2431
7012
1633
5150
9838
9756
4246
5179
2646
5078
531
5406
235
3060
6542
77
8739
9229
1347
8154
2473
6789
9100
6507
4544
1669
4871
3082
6874
5300
840
6900
1686
2540
68
4777
926
8435
9406
3518
3868
8492
6282
8594
6850
6337
1136
7822
7036
360
4548
7119
4415
9052
7494
9549
6576
6072
7536
9435
8340
2693
7556
4618
6983
1474
986
9040
2092
7791
9606
9426
6378
3685
4763
9050
3278
5579
4128
2037
8325
6876
1196
6509
2099
9637
40
4254
3303
6092
1454
3008
5376
6297
6561
120
6338
9868
7438
3924
4923
7781
8074
7691
3677
104
830
9946
2827
1500
346
3663
344
5857
2508
348
4334
2919
6073
1248
6555
8301
3273
1806
1894
184
278
3056
7581
2984
780
2896
3121
8463
1685
6460
212
4439
9178
7983
2077
1800
6868
2447
6426
9323
8004
3894
1629
3716
600
8420
2881
9328
3288
5305
3814
6216
9345
7489
8634
4039
2568
9034
537
6197
8925
2435
2358
429
7087
4116
8284
4029
7256
1604
6222
6124
2008
3048
359
3520
3015
2240
1989
5227
8754
401
1691
2133
5293
3508
8682
466
81
8482
576
6573
745
5281
6369
8935
2880
6082
5954
6971
2241
4651
8975
1296
1605
5531
1413
9476
6227
46
8509
4990
8342
126
4435
6436
55
2238
3408
5968
1832
8863
2103
1424
7571
2937
8254
6049
7884
6357
8932
6203
8343
5226
2685
7805
6968
6307
8900
5691
373
4681
400
4692
7902
3583
293
868
3074
9628
9912
3997
8830
9925
6697
3009
2179
6527
3443
8167
3025
7925
7417
3558
1577
6618
1100
3055
5938
6100
4796
9730
8326
1123
5504
2390
4430
6714
2308
3577
5961
8092
9982
586
3192
3953
6943
7418
3005
3768
669
6053
3065
5087
8608
7370
2799
5903
9972
3077
109
1181
5764
7819
7468
975
2847
5386
8087
1975
1269
4977
7655
1674
1827
3571
2187
8955
1261
478
3604
4785
1712
1910
6428
4063
2846
1197
5715
4045
2543
2986
1774
5428
8141
2816
5023
3333
1792
6949
5824
1976
4789
6465
147
2762
8889
211
5468
6473
2332
2911
4931
4715
5320
2507
435
9532
7530
9104
1242
2763
4218
2684
8035
8149
172
69
2818
1734
1144
8926
6843
9504
5835
367
893
8170
378
5915
1425
5912
5754
3947
6488
6882
3709
8724
1315
733
6666
813
7326
5427
3308
3785
6621
8271
9650
9808
3032
1672
6757
4195
6819
6793
4738
4851
2055
8461
5512
1763
9438
5804
1321
9924
5374
106
6244
4211
397
1476
1145
6673
9456
407
406
816
7301
176
6544
7083
5200
999
9201
4038
7116
2820
7143
3068
2255
3331
6617
5194
8764
4279
568
6397
1272
7660
4153
465
7697
2800
1628
8774
1022
3328
8132
1446
5629
9265
5210
1391
7038
6449
4001
5815
4605
9616
2860
7712
9468
4737
1098
9965
4367
6837
6036
3683
3647
1854
1675
2991
6516
1265
6376
8533
5266
5447
563
4693
6545
1794
8530
9996
2188
7930
1213
9502
3986
9239
2755
1209
9479
5067
1527
5045
4989
622
4422
2461
6306
4878
8406
6118
9910
7402
1431
1367
6214
5361
9131
3620
752
697
4964
1048
2948
6855
6724
4390
2343
3312
6400
7758
4919
3744
2247
3391
5906
8275
8052
239
565
3808
2439
6257
5225
445
2175
4839
1709
6248
5116
7007
582
9082
530
4210
6230
6487
4480
518
5410
4562
9834
6763
5393
2639
1499
3196
1232
6616
7095
3141
8297
5684
234
7102
9979
6691
3439
3100
4124
8195
774
2143
2939
3
9021
159
2048
3899
4613
2252
5328
4419
8585
3812
4981
362
9181
5346
5446
2220
9741
9461
3392
1034
3406
9635
2049
1206
5914
31
9216
9055
5675
1721
8893
5880
3024
9286
3330
8089
7046
3626
6541
9105
5635
2354
7395
3623
9659
3816
3903
5335
2891
6253
5861
2683
9188
3211
8856
8266
6452
1873
8980
3126
5970
906
3318
5792
7618
6501
2223
3628
3779
902
1598
6888
7463
3877
6046
9364
1661
7442
3651
5282
1788
7487
3437
1049
3450
4206
584
6274
3389
328
9575
7115
512
4922
3741
5275
9284
4709
4356
677
4570
2441
6434
1543
567
731
6132
9569
5125
2992
4212
3775
7798
4699
6044
4495
5526
6097
6493
3720
8440
6315
2333
7730
1934
325
503
6362
3884
1566
2180
9988
2506
6962
7911
936
5680
9194
6242
5651
6259
1561
4845
777
8600
4337
191
1046
1171
5336
2854
4733
2588
6800
6806
4156
8968
6651
3027
7966
7563
8232
7521
540
4891
7550
7695
8367
1053
5594
4542
103
5810
1092
7251
8945
4554
7495
8213
1741
4882
2449
4759
8289
8433
2373
5076
7485
7214
6396
7531
8456
2590
3863
177
7973
5232
7054
5005
3368
1187
6226
1979
2521
4259
7662
8107
8963
4222
930
6644
9467
9705
3650
4304
9998
2577
1625
1350
8024
9167
9814
9978
7970
1357
3441
8290
3145
717
5996
5901
9908
5258
2330
1929
2731
6705
5746
797
7085
3749
4044
3790
4664
5199
9485
1938
1060
980
8159
1063
9870
9505
5924
2527
8129
2368
9980
5204
6830
3966
1006
4359
4470
1664
6877
9519
2769
9367
2866
7271
5279
6038
6121
8741
9446
3608
7723
9484
4658
6782
547
2972
1221
7443
7690
4797
5278
5257
3140
3747
3189
8445
9439
4389
3130
4928
5693
6134
3019
8257
4423
2265
217
6939
5080
747
7188
1564
963
1204
5727
6464
6734
2432
734
246
4358
479
9321
9802
7449
8547
8287
2665
6703
3004
990
5648
2514
6773
8319
4494
2794
2299
4347
7595
4135
8402
1991
6107
1325
6866
169
6788
6809
8476
1442
2876
9080
7901
3698
2594
6390
1941
8990
6970
23
8219
9211
9809
8611
1816
1374
4030
1514
9692
8322
9515
9883
3931
4436
9491
8831
9094
3271
5516
5895
3105
2694
2546
7201
4659
2598
7674
3513
9363
2076
2782
8799
3932
5214
6408
3560
1551
5363
4450
6087
7317
9227
7893
3222
5688
625
1016
2322
7747
1540
6326
4557
4112
4611
5964
5902
3809
2878
6586
4298
3778
7080
6144
420
94
2802
4984
6681
2553
3075
4728
3602
6745
7867
4310
1033
5114
202
865
6678
4784
9332
3465
1372
5608
6415
5664
6883
5791
4909
2177
2074
4899
8705
4119
1337
6386
2574
737
8032
5097
3352
8973
9687
9379
7677
4232
6090
514
3066
2524
1323
314
287
8247
2164
9165
6557
9381
8758
9248
9953
9441
1147
1725
353
5871
9294
3791
1349
4256
8527
1274
7795
1157
8115
948
7324
2823
10000
7048
8911
2842
3457
828
1108
3687
8197
9073
4269
1593
9278
9562
5941
1679
8002
7579
1805
7429
2989
647
6272
4879
1071
9791
1727
9667
2483
1909
4910
6750
723
9134
7620
3170
1031
9434
1327
9179
2764
1149
640
2114
5607
8238
3598
8234
1662
9023
6604
9486
5405
2121
2429
756
7263
2409
5599
3722
5643
2137
2914
8999
3129
1770
5265
616
5149
3526
1684
6712
1026
5053
1809
2711
8020
2602
607
624
2082
2136
3029
5985
3466
3748
4291
8503
5469
510
4052
5417
1014
7052
6136
2965
83
1384
6459
9015
6687
6719
5814
3714
9272
3939
1740
5759
9631
3297
6233
9388
8228
9543
2250
9187
4433
6815
9092
2462
9155
4619
3557
4939
5303
3373
891
9091
1055
3284
4036
1870
6833
3338
9670
6624
8230
5986
6643
505
8905
8749
8280
7009
9874
6308
7342
1079
3317
9609
3617
5221
2196
7229
8372
8604
705
7774
789
1152
2381
6174
1366
6116
3425
6556
1116
1231
6017
8998
2232
3210
1583
5070
572
950
6236
84
1817
8631
7296
6640
1135
5341
4986
9046
1416
9632
2427
9062
9665
6848
7416
7492
802
6169
5605
5519
8666
3340
1822
6500
9900
9408
7109
997
7665
6959
1668
6748
1648
8034
1612
2877
1983
3417
8502
3481
8875
5544
2154
4040
8126
8225
8295
6981
4127
2501
1389
9236
1764
5931
5723
1848
5352
267
7179
4376
9368
1644
3045
5465
5337
5501
8560
9047
2689
6181
1199
4103
1616
5462
8231
5493
3112
4406
1019
2725
3478
5731
5720
6615
1634
1090
5641
4094
5160
4231
2638
3891
4912
6069
1846
1736
5193
6060
4332
3489
9215
913
412
5724
7024
7609
2088
7126
4248
5652
1444
3244
6779
8546
7099
4465
5744
4296
108
1045
1040
7203
2073
18
9945
725
4097
1558
6199
8917
1523
8907
9333
2648
5730
3399
535
9701
6433
4751
9607
3674
2871
5556
5707
4930
4724
8303
5178
3393
1173
1687
5875
97
3144
7955
8992
9511
7336
7002
2467
7857
4792
3096
9525
3152
675
5796
1039
3285
5354
275
1619
6674
7451
2203
309
9542
3435
5790
5485
3798
4349
5365
1054
1852
4633
8307
7564
6051
7942
9594
4894
2173
9591
187
62
395
2767
6776
9640
795
8762
2340
78
9443
799
3580
6829
1139
5634
5534
9815
8777
4744
248
7989
8626
2350
2503
8376
4220
9493
8337
4313
753
7270
1266
6083
6050
6767
354
8049
5012
7768
8829
1110
7065
6725
1330
1666
2127
8768
1560
6531
8733
5788
631
560
6225
824
8537
5432
982
811
1784
4793
1395
5219
3512
3407
4264
8188
6808
4769
3033
4456
4215
8627
7598
2193
683
2926
8708
1536
5966
3985
8174
759
6973
3490
5419
383
7262
6858
5695
7174
3054
2787
2890
2478
1200
4725
3535
4331
3904
9499
4657
370
3097
2408
3295
4241
7205
284
7454
5539
5712
5267
421
1216
770
2915
8673
9535
374
9646
4274
9453
2930
9560
7015
8208
4373
9036
5388
8621
2864
7524
8140
4529
817
9765
6839
5444
1268
4616
1169
6168
1505
425
3494
1747
8200
4624
2273
1971
716
6217
5506
4418
993
7684
7782
7299
7750
760
4794
7427
6423
2325
3555
6580
2395
6901
9076
1999
7345
1798
4600
183
4027
1589
7714
814
9821
943
7984
6127
6574
5316
3348
974
9788
3771
351
2442
5291
9285
2789
863
4451
1797
6173
1920
4129
8041
5760
4634
4859
71
8098
9880
3416
6202
1730
345
8834
4117
250
785
1117
6707
4370
2404
8786
1567
8288
5407
578
7933
1427
2868
6309
6663
5974
5481
6304
6275
5546
3030
369
1276
1581
7968
4395
793
3262
4774
4935
3838
6416
9753
9095
3107
954
5331
4638
7868
7909
3442
6384
3915
940
3104
7896
5828
2934
9564
4272
1813
7079
48
9158
8884
3430
2263
9586
7976
985
2038
1808
7855
550
9655
4180
1311
7466
9602
3037
1842
2294
5597
8082
8109
7155
3758
3078
5736
7391
3363
1029
5169
9483
5285
8679
7614
1613
1138
8599
6515
6000
9116
4632
7803
3073
216
1647
685
2386
2224
3652
4315
7034
8331
9254
5062
4952
289
5517
2270
6608
1631
822
4247
318
9048
5770
4961
7191
4578
7137
7140
7558
3866
2146
1939
6303
3159
8124
8442
215
603
4167
941
2832
8972
5622
1023
6276
209
4757
7047
8168
8929
3320
1215
4281
1918
7446
419
1940
8761
9070
6207
5763
6472
2450
2024
3423
7169
7272
7722
9111
1893
3896
8187
7520
5612
7658
3878
5246
9805
4288
9129
3773
9681
1172
4106
2377
1547
1587
8958
6474
5832
9807
3667
4028
9362
872
5750
8691
7523
8979
9203
968
978
2705
9109
8987
2857
7175
4858
4190
1696
195
5674
9295
910
1288
8525
3740
9718
7361
2741
3187
9698
7161
1438
3550
922
9593
4421
1056
8837
1184
8334
1
113
3287
3563
6305
9085
5650
1820
9728
7285
4243
601
3180
4067
7952
2679
6070
2537
3653
302
5127
2003
4157
630
2758
4541
6708
4290
5604
9684
4966
5096
1580
3819
8832
7705
5696
7975
8517
7681
773
7436
7064
895
6179
3613
4614
9173
9189
1318
6145
4229
9025
7252
6926
6024
8333
4889
4975
7555
8864
6849
4158
9859
8263
8315
7604
1303
8000
4742
9942
2145
4261
4848
7698
6479
5274
798
8468
9816
4674
6989
3147
3354
9342
9796
5971
9968
5424
2632
9531
4712
7223
3584
9113
2571
2027
6741
5192
8391
6879
8483
7777
8207
7178
5381
7268
5294
1739
6890
7748
6759
4976
7148
5990
4021
9344
7302
6293
8840
8060
6201
8765
1895
4339
2610
1689
7852
3603
2817
2635
4505
5726
2410
7557
7785
718
4559
7878
1044
2953
1495
8698
1460
29
7632
9221
6564
1777
6294
6347
7343
8854
3763
5911
410
9526
1228
8040
5981
4130
5403
7882
5503
3063
1195
854
8580
4694
9521
9558
4953
9625
9318
2851
8021
4873
7657
9993
1227
3221
3552
8025
6982
1344
1559
9002
2375
2162
3777
6967
141
3298
9643
8241
8656
6454
2994
8469
1086
8421
117
2870
4366
8363
5308
3882
2482
5015
6729
1964
5669
1270
9195
5359
6752
8672
2879
1865
6893
4696
580
8848
413
3704
3594
5431
3103
5402
3260
1676
8360
3804
3568
6660
2436
8813
533
437
9357
61
1125
5128
9719
1483
8898
2078
5411
574
4003
4776
2476
8839
637
3646
4493
7278
5588
776
8806
1084
8811
4355
4915
590
3120
1390
4227
9827
6084
9714
7435
3506
6974
5530
9176
4342
9869
1673
9547
4959
1057
2745
9112
1946
5523
5470
2910
3233
2692
9857
755
1159
4827
9732
2668
204
6947
1394
7743
7209
8007
5757
9299
5922
3961
4885
3764
859
1335
9717
2101
1735
4115
2334
4354
4362
7053
644
6537
6684
2210
5102
5074
8556
6985
5343
9778
544
472
9262
415
330
7892
2001
9977
6096
5479
4946
555
8384
7928
1997
3562
4721
5075
2009
7149
2267
9355
3548
3070
8528
5697
6224
1095
8513
3449
2561
4609
8085
4426
2901
8206
7190
5610
6234
9888
1484
3039
4309
2518
2171
2678
4263
115
7027
319
5394
1305
9143
554
1078
4840
7121
1355
5158
8346
7170
8576
2053
1239
3739
2966
1287
4644
7377
4501
500
9961
6948
152
2680
3270
489
1165
9839
2315
1043
2058
7257
7483
9490
4144
1024
2474
7982
8136
4100
6975
8403
9746
3690
3592
9677
6406
9166
3542
8073
8850
3688
5018
4886
4832
3258
8891
8969
2236
1445
9311
2595
6502
7010
9885
2317
6401
5453
992
3322
877
1354
499
597
638
4639
5037
9852
1493
208
4122
3678
4049
5620
1158
9335
9917
5262
9518
8261
9929
964
1858
1859
6299
9818
105
4764
4620
2944
4806
380
3236
9785
2921
9657
768
4719
7771
1387
114
5576
480
9183
139
2118
5798
6129
5323
2609
474
2010
8155
6108
3396
9338
8357
1614
981
4860
5270
5307
7932
6679
1912
1234
7390
4531
8689
8976
9987
1780
7228
6560
8304
9317
6351
3844
6420
4214
5821
5420
7150
1789
8778
4654
3456
3473
5786
2459
3193
5709
3153
9703
5147
8912
485
6005
4810
6692
1126
153
6190
5967
4497
6594
2111
2780
2706
9823
7409
5345
33
1028
3263
2525
3725
4026
8123
270
548
6185
2337
7111
3397
5909
6074
8571
1698
7514
4282
236
2026
6059
8244
8161
8977
4807
5640
661
5423
6280
4137
7153
392
4530
6158
452
9668
7869
7428
628
7724
1525
9832
1271
2998
9322
8059
4118
2066
3168
6402
8807
1129
9398
247
5399
1933
9412
2983
54
5085
3069
633
5040
188
6048
5031
2862
4653
9786
1596
5137
3767
7266
171
1761
9762
2583
6669
4818
2493
6403
7253
3404
7154
3887
39
6204
5172
2747
836
7710
1881
5340
6441
7073
7156
571
1264
6419
9339
1542
1415
9571
6499
3505
3459
4773
7600
6998
7088
98
3186
5545
7924
7316
4035
1067
8481
5184
8146
4702
3040
2012
9596
376
2722
2419
2872
8729
9414
3929
7569
9460
6350
4113
4765
5373
9588
8941
5772
7633
8960
9567
9617
5351
7465
5189
762
6667
4947
4754
7537
9033
6166
7204
9223
9682
6163
2560
455
1766
1025
2826
8027
9976
9992
7991
5475
4826
6103
2932
3632
7
818
2440
8696
4014
6892
6429
99
1532
8189
9003
8162
8245
5198
7842
5816
1380
899
3766
6613
7194
4437
5737
3018
8989
541
4368
7219
1341
4706
1220
6922
337
254
8540
3492
9463
6085
969
3753
3334
9875
4667
611
6842
3300
8732
2199
5854
8418
2858
4515
7859
7092
4881
1707
2949
3286
4783
332
3984
3127
6524
4761
643
8424
5313
6755
3525
5848
595
4188
2165
9018
5084
111
2219
7960
3374
4571
4412
2768
3954
9693
8022
87
7713
1526
3769
8270
8617
7895
7865
6014
7181
8321
8439
6040
7003
4874
5310
3220
2976
4344
1383
3712
7186
8048
7457
2634
3488
2512
9353
2863
1851
9310
3599
6554
1520
2666
8250
9066
8967
490
7239
2659
3277
1348
423
8038
4448
9429
6446
9501
63
4804
5778
9507
4308
689
6175
454
9651
6595
8309
3736
4468
329
2545
4525
5658
6320
1074
9951
3668
9392
6966
1779
9848
7519
4980
4772
9068
1107
8701
657
1393
6387
527
6696
8783
9242
8880
4424
9369
1083
8296
729
3367
9148
5443
9010
6037
5250
6887
3355
5124
193
7125
9043
453
3538
6316
6559
3835
5099
889
8314
473
200
7885
5064
3955
3780
6013
8867
3267
8846
8747
9064
7388
4154
6148
9568
1470
6445
8654
6992
2567
2360
4375
919
5898
1762
4594
7699
1627
3163
6603
5647
6341
1482
6600
4485
2331
2251
136
245
3559
7772
5843
6796
6630
8285
4170
7340
1833
1401
9226
5271
4916
7207
4683
8354
3729
1879
1534
7128
8573
3215
2237
446
724
6329
8160
2815
900
5812
6655
9764
3897
6117
8345
4690
570
2345
7644
6797
6771
9305
9742
5702
8033
9556
7873
3797
9767
8422
5028
1541
7293
8564
9773
9960
7687
1775
6791
4179
3655
7238
2316
2803
5065
2039
8076
1473
9293
2079
8515
4169
7664
5732
2443
2324
5535
8718
8451
9415
2282
382
5152
6686
2168
4002
3026
833
6484
9250
9401
1513
5091
9675
4041
5408
5329
8644
8583
3870
8882
156
7420
1911
5774
3865
292
9097
1133
3573
1001
2301
8995
9678
8845
5773
6581
9000
272
3173
2798
3206
9118
2233
2384
8013
8153
1081
4336
2717
6913
210
9661
712
2579
8267
4838
3080
6894
2342
2973
1875
2697
5678
5239
5716
6625
5098
4275
9292
129
721
9700
8744
7090
7833
3576
9219
2389
4009
9771
7749
1308
7846
1977
2920
8579
7528
5449
2504
3839
1814
6211
4149
6290
521
484
8447
8075
7453
7864
5255
8299
5849
7241
9225
5238
2304
5807
8099
5364
9645
7767
7987
398
4555
6263
8399
9970
3622
8572
3981
6645
2713
2557
1409
3447
9913
9399
4152
1250
6243
6200
6028
7035
2341
9949
3670
834
4684
7645
8374
4635
5960
8302
3424
7366
4950
6088
4583
4317
449
7949
5206
1899
5653
2670
7335
7575
3718
390
9755
5287
6770
7866
1042
9144
3388
6721
3149
7513
4985
4260
5233
2134
6980
2189
5117
4098
1592
9117
7800
1944
2281
5975
4312
4022
2517
2566
2030
8711
9114
4016
50
4532
3315
9680
2291
2327
7134
7025
4787
2176
9674
9984
7592
3498
4319
5994
8888
1860
5637
7860
5480
1850
2813
9374
3996
3232
6675
5476
3043
6818
9132
5550
5609
7656
6383
1146
2760
3090
3692
3365
1621
1843
7136
6385
9887
4775
7113
5190
2942
5601
2797
6722
5203
9612
75
231
4194
7740
1479
1468
947
2861
9049
1591
961
7801
8373
845
1928
2256
3719
6237
1576
3028
3500
6636
2017
7350
427
8760
8008
2161
711
2675
2754
6444
1247
7988
9
1986
2699
4747
681
6457
646
2928
6162
2280
9614
6450
1419
4416
7151
8609
1579
931
7067
7950
8728
6218
3281
9077
8068
5528
9517
2296
8508
7981
7020
8877
6529
4233
5003
5557
7376
8507
9287
9417
6440
2190
8172
4589
7364
4788
9182
7877
7813
4305
6825
1937
2617
5450
3523
5038
6003
7939
8662
1286
1457
5743
3614
751
1898
1290
9147
5639
6801
498
3762
9375
4321
6886
2283
7373
5290
9959
8628
7887
2407
8802
7850
297
138
6668
5054
2715
6335
7501
6583
3138
3345
4779
5436
3846
3705
2672
7033
497
4201
5873
3421
3993
6348
7694
9761
3565
1900
7329
7847
519
3321
6112
5919
4691
2464
1417
9458
363
7264
8413
6612
4074
6156
2106
6813
3216
1211
7322
364
8836
4756
524
8467
8815
5982
2623
4133
3689
3047
8636
8181
561
2094
7286
4087
8994
3950
9940
2349
7031
7653
9833
8332
7355
6754
6817
1907
5159
6213
7405
9024
9042
7732
9027
9583
6969
2355
8790
6785
8825
4850
8069
107
3501
6993
7507
9799
5584
1400
8872
219
2370
1238
6929
3023
7358
9605
5627
9520
6068
9020
2736
8570
710
6029
5011
9892
4088
4277
7786
60
7328
7101
4186
233
7226
7497
4846
8452
8417
7160
7903
7041
2580
4405
8243
8858
2367
2641
9536
6816
12
4823
3977
5896
6486
2054
8511
4057
8067
7752
9395
8147
8459
1995
7142
1300
8100
8534
8885
6318
74
7974
6381
5418
9893
6470
9554
8748
1769
3445
5197
2339
1059
299
5311
5548
5052
5509
6077
3850
6138
2347
3458
1292
7814
791
4714
1693
3566
2775
7900
1397
5860
7957
3124
9983
9989
1150
5877
5212
2382
2613
9308
8745
5312
6951
2584
7040
2420
8
520
7425
4543
2268
2825
9721
2835
4678
5699
9752
3094
4880
9890
7617
2104
7844
9626
3175
7104
3901
45
3194
5349
1027
2399
674
6195
2655
3738
1778
8639
9269
966
7568
1283
6165
9812
7076
150
5439
4822
3634
357
4244
7638
6354
9601
456
6523
9204
6535
8166
2068
9457
5121
3401
58
4065
9652
6239
8702
5276
7030
7196
876
7225
4286
2662
6762
170
3249
3910
522
110
9669
6349
11
8520
9589
6811
5477
4861
5095
8810
7508
2182
8725
7756
1586
1609
6150
7070
5549
2788
9618
1127
3892
9444
4250
2035
9083
6102
4837
2246
1353
6683
5021
4902
2796
3999
7963
3079
2558
5395
5694
7304
6579
3243
9029
2814
4698
1699
5326
57
8887
3987
6344
690
7876
3564
5797
4627
8670
1478
9423
161
7861
5183
3970
6925
5066
7623
4270
2412
8279
1998
3002
9473
7890
5520
2018
5888
7862
5033
2004
2163
1926
1320
2721
3118
336
2573
3735
3813
5574
6291
2261
2249
6125
4273
9613
9779
1522
9126
7972
4669
203
5925
3742
3605
4999
3905
1787
3802
5780
8030
5525
3366
9170
5722
2828
350
2480
2647
6374
2472
5090
253
1188
9862
7551
8731
1892
5537
4072
4280
4528
259
9154
8215
3282
7851
2128
5742
8394
594
7707
5371
3956
3824
6228
9907
5905
6469
6368
4729
1530
2394
8017
4849
9448
5593
8385
579
1259
4877
1089
3142
4371
8804
7828
9860
7399
6023
9191
686
9745
4442
1293
7715
1872
867
4968
1765
9611
4024
8097
5698
5765
2969
1404
3207
6491
9006
9436
4617
9315
5533
1931
5703
3467
8659
6622
3669
7327
3245
4111
5899
796
4325
2773
2388
8150
9164
952
3672
163
3247
1465
7176
9749
8942
2258
481
1799
198
915
3757
9249
9478
9255
806
2804
4745
5741
8282
1406
8690
6032
1657
3792
8259
9793
4509
3627
192
3274
852
6232
6661
6212
1377
7534
8338
5841
9230
9465
4572
7221
682
9336
629
3855
5787
5162
8996
9584
9366
133
4228
9240
5009
5745
9495
6634
3781
7208
8479
4921
5820
6957
5649
1109
5868
1886
4551
9390
6920
9005
9710
7267
8895
665
3049
8933
1830
6577
9431
1756
2181
7923
3662
9346
9882
4925
2640
9653
3922
4812
6997
8249
3671
4863
8742
2963
4801
2460
6909
8500
5552
3926
8070
7616
5642
6261
6170
7886
2416
8633
7306
5748
1716
8985
1751
4392
1430
6539
4287
205
9139
2899
3541
4148
7817
7583
5030
7470
326
8094
4093
4512
8565
5216
2941
6010
8037
4760
6562
9580
8237
4469
7651
8425
2819
2495
9063
7666
9056
9636
4920
7478
4809
1310
649
9459
501
3160
1087
5879
6137
340
2682
488
5413
9760
7028
135
3540
8086
1607
8800
4675
1503
8824
295
4297
2095
6638
8365
2732
8478
8916
5850
5390
5490
8380
2206
874
4828
2947
6001
3432
8782
5104
7552
6587
4811
5977
6844
1759
2160
286
2083
6471
2491
7635
4991
1368
4670
7522
7476
970
7082
6193
8378
8496
7192
2894
4472
7836
1441
6597
3715
7561
6953
8974
9835
17
3311
3574
2770
3479
1000
8751
6698
3654
469
5728
2085
9270
4073
199
4755
9424
9820
3076
7014
9811
3344
6965
5144
4481
3360
3596
4187
6394
7796
5887
1845
317
8819
283
5448
6219
5891
680
850
7792
9909
4808
9739
8986
7586
6064
8175
911
7352
2740
6194
8488
5140
9053
754
7061
6075
8190
4573
6287
95
6164
8939
6930
9488
4467
1363
3822
5751
5630
2149
5434
2259
6713
2454
8792
4503
6289
2096
3115
4096
2708
6131
4584
2840
4938
2601
2974
2751
7004
6677
3484
6328
9597
2982
2022
5628
6141
794
3051
9836
7721
2475
64
7881
5251
4196
5171
5019
2276
5755
5046
8625
2954
5236
4526
7685
8757
9845
8855
7804
1695
3772
2484
9407
9153
9856
2645
6590
2572
6089
5301
8713
241
9382
4352
3914
9019
7811
3385
3102
9546
7532
6393
411
8587
1706
3309
5739
7943
5314
9306
1073
7668
5853
9245
2239
9380
7440
3461
9133
7967
5514
7599
5036
1719
9864
6235
7734
7992
9686
9781
4612
6258
3611
1501
7337
6365
6149
2776
4033
4176
2673
6820
5425
5392
3234
1047
4293
3011
8721
1807
4517
4047
7108
3336
3177
7611
8773
8539
6366
7829
3405
4597
5108
4956
4387
1065
3969
2873
5623
8510
2319
2563
1365
5188
8833
9234
4224
9447
4569
6238
6765
1142
8125
9125
8586
1539
5026
1521
3036
9559
9471
7118
7751
9324
3133
8983
1190
7725
6439
3087
662
8504
8477
6281
6455
1980
8491
7482
44
3624
8494
2552
3988
8545
3156
1316
9494
4958
387
1891
6690
1884
3171
6733
4252
7197
131
5202
9715
7696
8148
6506
9654
7969
4182
5864
6803
3022
9030
132
2592
3944
9101
9573
746
470
8473
8801
4351
7124
7353
901
6206
3184
144
4114
8862
4581
3934
4462
3730
7290
6918
285
311
8544
5978
264
3528
5987
8102
2489
9427
3795
7434
6490
7292
9136
8202
1571
6155
2700
7716
9837
9325
5356
2041
6598
6787
5508
5980
7701
9784
1710
5654
2015
4427
2423
8010
1386
6101
3755
9577
1768
385
3732
2892
5878
79
3621
6799
6769
8505
3429
9901
3183
2329
9466
3411
3000
214
442
6774
5831
5667
5761
5762
875
1309
2906
3035
2586
7484
3122
7629
671
3951
4563
2723
1697
7944
308
3927
9065
5883
7793
6851
9797
6447
1132
7374
2996
2955
1405
1916
5560
4262
5918
7702
8712
5384
8283
8443
3752
8361
1790
5357
898
2795
1334
6399
7365
4903
8078
5421
2444
9899
6990
5563
335
6262
3306
2314
3980
9291
4432
7464
3469
7413
4449
3337
331
6605
5245
279
5943
8484
9365
3426
4668
3483
2771
6161
4363
5543
393
5865
4461
9329
3751
3750
8300
4504
2275
588
1663
2172
4748
2534
6270
2611
6284
4330
1338
1285
897
5749
9658
1102
3001
2194
6657
4762
7094
2908
3591
1506
9828
368
4628
9121
1882
5106
8769
7309
5947
7646
3721
4121
4852
1834
4413
9475
3619
2952
5768
4386
230
9130
5969
5993
8894
3937
3212
1810
3873
5242
2761
6241
8277
8715
4431
8950
9172
8221
7184
9283
7907
7159
9855
6030
8072
5220
232
707
9425
8652
190
4750
3219
8110
9482
3849
5273
8390
9707
6323
464
5383
6525
6182
3398
4904
2637
3585
8169
539
3496
7091
2509
2656
3137
5682
30
9440
8918
2285
2426
2681
1177
9563
3272
4166
4967
1251
1179
7979
1280
2471
4488
6012
3504
3776
9541
666
6610
2593
3765
8236
4943
3616
5874
2036
763
5082
7980
6296
8797
5483
6363
8324
932
9927
1104
4080
517
304
1611
7450
2417
7539
3551
5690
7904
8814
7717
8023
1732
5661
9722
3589
6109
873
2264
3633
1767
358
8518
1752
9711
1825
6984
7779
1134
7897
6521
1422
7769
7110
3383
4688
528
998
8899
8981
8526
6409
8961
8574
5799
4236
715
4821
8752
2885
4888
8276
2626
3570
8982
1432
8323
4058
3917
9309
748
3172
1594
4068
8688
6058
1498
2156
6627
6372
2999
2129
4463
9713
1435
829
7298
6777
4172
1888
5944
1472
8771
7032
7619
8262
4574
8449
1451
7202
6026
8119
1111
8559
7726
7516
8984
1507
7845
3967
3829
4394
9964
8588
5756
9014
5397
8805
9810
3645
1114
7060
8444
7827
7927
7022
9213
2153
3881
3084
7789
4905
920
3507
6693
7006
6781
5020
2309
1546
8664
3544
6737
5889
4398
3414
3106
5362
7383
2288
5499
1447
4741
9373
1376
558
7247
2531
9384
5353
1510
356
6715
175
4552
8381
4766
3379
6591
6740
7799
6035
645
7993
7510
6704
3851
315
1837
6991
623
5467
523
4253
6857
4346
1278
4522
758
5645
4626
4018
8870
7562
1038
2150
3874
8859
457
8923
160
8173
6389
8103
7858
8487
6528
7224
8852
2006
6775
2714
8524
4025
4283
4285
5131
4568
7469
91
7634
8145
3108
766
706
1241
6432
5396
5907
9420
6098
3516
9512
1456
4328
2234
5043
1201
6558
65
4266
7433
4988
2075
3280
1972
6167
6128
4070
32
6659
8684
620
679
3200
9514
9851
8536
4357
5471
1624
609
9122
8767
4743
1077
8727
6317
3588
9356
8084
8909
14
1565
7462
2430
7368
6756
9600
9694
9232
4898
3214
4108
3329
6526
1951
9233
2029
741
6832
5073
8944
4353
5486
8438
6510
7107
4834
1294
1671
972
6652
7738
2887
612
4538
2069
4289
1030
9096
1371
1378
320
9430
7788
3847
2356
7560
8593
9516
664
5991
7953
5945
2888
6002
5358
5025
6187
6727
2287
4490
6924
3253
2025
8642
7753
4695
8450
6647
2822
7139
2688
6551
6267
3299
1723
8043
1124
6945
7934
9528
4824
5817
6635
5209
542
8475
9370
6665
4191
1557
5542
1345
2923
6863
8630
9688
266
2469
4640
2401
2391
543
8157
8809
9452
487
3440
8648
5876
228
7853
3395
5248
7631
2362
1753
6553
4876
9725
9393
6265
2466
3380
8412
2072
5855
6623
5297
2387
9690
5133
477
1728
1965
6133
7233
5231
3942
2135
9078
2031
8700
3546
1942
9919
49
8591
3064
9157
4104
3948
2505
3241
2676
5016
9202
3213
7357
9081
9624
8081
5416
9744
3862
2371
5846
9534
7997
2960
3783
3880
5134
6052
5721
5885
4884
764
9758
4671
7382
5342
3086
2396
1180
7334
3875
4767
5254
3612
7075
3294
6342
5092
2874
2028
9991
4815
8061
4510
7029
7986
3227
6139
1683
5195
4972
9059
8881
1659
6301
34
1491
7818
282
8946
4895
3638
939
9084
7283
38
1921
8227
4326
9469
1878
7165
207
8920
1711
4032
7627
5435
7826
9258
9884
1297
5368
945
5286
5920
5168
2157
883
5884
7341
15
9343
4735
8217
7210
9039
8577
443
1302
894
8252
7215
2530
6823
9783
7754
6192
5120
5333
9093
5175
2221
9199
5783
119
3973
2451
5617
8826
2756
8827
5079
2089
6702
9205
4162
6654
6700
2728
379
8876
6639
5241
8329
7244
656
322
6766
8499
5237
842
6361
6140
2569
9044
6711
6864
3111
9768
6343
1399
962
1322
869
6961
1572
1608
1122
3202
2924
4954
9316
7580
5002
4473
7157
851
6637
1724
3856
4534
2372
8065
4348
7475
6221
9349
6751
7937
693
5377
610
349
2746
8606
2113
7346
5937
1923
8951
6986
9592
8676
8847
8601
7173
2925
2313
534
3350
3361
5558
9326
5733
9673
5348
2300
1855
9378
8575
5830
9578
3893
9276
4593
8709
7808
2607
2216
5829
4645
4178
714
9138
5785
409
9409
5818
1105
3930
6302
5615
3938
7232
8553
7400
2587
1841
3453
256
866
2979
6611
2696
1011
2338
7591
2801
4265
4062
7999
4547
4237
1012
3826
371
3482
8186
8584
8185
803
2849
6404
9974
3825
2013
4193
5047
7643
9296
9508
7265
5811
5638
1903
3511
4662
8746
1255
7676
1960
9858
4037
4637
8455
5681
8971
338
3693
5734
5913
8116
6283
801
3794
5163
4549
4786
5264
7760
1119
9819
9244
3852
8828
6584
8485
7565
8812
8036
615
26
2178
4601
7790
7763
4703
7042
3879
9801
9598
9419
9498
1936
1570
25
888
8557
9151
88
3590
416
3155
9787
66
1224
9032
5143
444
6958
7770
5295
2271
887
6496
2070
1528
2865
459
1402
6380
8077
9411
5247
3971
7284
7019
6080
9079
56
6371
5603
1682
8066
9689
8134
606
8423
8532
5014
9738
5809
8355
6425
4486
9587
493
3681
1120
1361
1856
6456
6609
7670
9947
3455
101
2297
9671
1529
7360
1652
6417
4381
3799
4856
670
7498
855
1949
6277
1509
2344
6006
3658
3648
6271
3530
4251
8080
8843
7637
1453
3843
7816
166
4546
2783
7240
1524
2660
2786
6780
6761
1340
1208
4307
4718
7077
5933
244
9555
9394
3974
9994
1773
7538
7835
1569
3248
1284
4621
9127
6903
2752
5657
7547
3519
4159
1643
3319
5482
8120
86
938
5292
4420
4475
1260
5950
1249
2772
434
5269
5488
2520
4173
5093
636
8122
7496
2290
6976
355
5973
2139
3382
3162
9903
2425
1277
4171
5249
2056
2971
1080
6834
2148
4814
5586
4994
6824
1015
8552
9579
2753
8561
9915
3165
164
243
2559
825
143
2554
4536
7100
7574
6110
4292
1364
5989
6081
6067
2619
7187
6034
5263
9177
5928
158
2853
9383
892
9774
917
8620
7273
6388
3256
1981
7289
6334
9264
1153
168
605
6047
2781
9347
9957
8549
4077
1246
280
7269
7594
2850
3885
1635
3831
9986
1705
691
9997
6649
2562
5840
1032
660
8047
7106
7994
3642
7711
7199
3377
6731
8704
6915
2191
9826
8177
8410
1601
1957
5769
3943
3994
3823
6875
8512
2622
6405
2091
3451
7248
3517
4081
8117
6483
6861
1396
1913
7392
1279
1428
7926
2438
1535
7459
1267
7177
9312
8178
5844
4869
8165
5666
3998
1410
8441
1097
121
5663
8139
3820
6223
2456
3072
7577
9358
3474
8460
2228
3031
8448
7458
5571
5039
4209
979
5288
1713
8216
8710
1434
8842
8665
6743
7905
3582
7320
4862
4598
4978
8018
1508
134
8908
7144
375
1847
2733
847
1961
1143
907
2702
2829
3042
4017
7369
5952
82
9627
3444
832
3503
9009
6836
5103
1750
9212
1776
7026
7965
6345
3098
422
1131
3052
5059
6264
7424
2279
1599
511
2166
5071
448
771
130
5776
6543
5259
8397
8730
451
6377
3085
3313
581
6919
6431
3128
6186
137
5261
1093
3179
4345
6931
589
2090
1622
4107
908
5668
6988
2437
4603
9955
7605
944
965
4276
6482
2669
6043
7277
1744
6359
7787
2608
2519
525
6923
1051
1408
2446
4023
3664
2227
1818
4303
8387
5243
2766
9813
5385
1381
8133
2916
2204
7824
8622
6123
2931
5330
6418
8184
3509
7731
6015
4440
1954
2047
3695
4240
5551
1554
5590
9400
4622
7381
1955
2636
7622
361
5112
5317
6497
4434
2653
2612
9087
7639
6533
738
9743
7234
7628
4053
8568
3292
5167
3224
3014
4537
4164
5318
5564
2490
1857
3448
7894
8522
3691
800
6355
6794
4948
1307
9432
8171
9506
5823
5154
1223
7217
4527
404
7441
739
7576
3787
3347
8653
8233
7282
6071
9540
9933
8316
5230
5789
8663
6852
9011
7559
2889
7567
3021
2463
3657
7776
1588
2936
5714
5529
5457
6336
1194
4752
2597
1253
8962
8306
7168
7380
5852
142
4204
3369
3834
8616
7123
1352
7961
8118
8667
8320
1414
2215
9641
5135
9660
2604
6905
9142
43
8964
2486
8470
1651
3995
3774
3543
9098
6828
6153
8719
4452
805
9620
9257
9853
4663
7672
9012
4384
6443
6601
6269
6260
4061
9590
7839
6373
1439
5208
7745
2625
9817
2652
9386
3428
13
9119
1036
1883
1481
5375
6570
3909
6972
1549
9303
8182
7837
1811
4447
9260
2516
8978
2119
8861
2917
515
4457
1176
3323
4226
3349
1002
5618
9879
9228
2365
7535
7319
1331
1477
5409
7832
3059
7879
4007
6007
9604
9928
5306
1141
8687
9704
458
6466
2380
1638
8351
2859
475
7294
1700
7913
3556
694
306
7331
7069
3968
4875
6671
4561
4969
2477
2230
6891
7379
5489
5827
4146
4078
3610
491
5455
7642
4577
4234
5842
9734
8924
7511
4567
5589
3204
2499
9251
2977
1461
5001
1319
9872
213
1140
4083
3242
3463
1829
2630
2295
1906
573
2500
6022
7415
2980
905
9867
85
8176
1757
6720
5665
4393
4701
2205
1218
5930
8988
1694
5566
9480
3226
9207
5094
6292
1812
2097
4590
843
2918
8671
3006
2606
4123
9552
7206
8408
935
9090
6177
1009
3569
5725
7231
4734
7601
726
3784
1836
5532
8490
2023
8563
7213
8915
9780
7276
545
414
4213
9350
7112
7914
2576
6641
556
8938
2564
1575
1667
6065
6588
4197
2621
8001
7626
2445
8849
1738
5942
4374
2141
4960
2811
316
9377
4740
9454
3346
6247
673
441
6786
7127
8144
1924
8341
6911
1480
6568
3737
7005
6045
5673
3581
6249
5110
7479
6246
7396
9954
6685
4271
9603
1336
513
1163
70
4993
3586
7912
276
9198
6642
3886
769
2805
3167
4940
2869
3358
2200
2950
7735
5338
2644
439
1174
8835
1263
6475
5130
1702
4428
9470
8265
7245
957
3537
9141
2893
1356
3427
4089
9405
6536
4120
3745
4482
4705
8501
4685
9934
3607
5963
8242
9246
265
6827
9557
9685
2898
5113
8095
2542
6054
4587
4913
2515
7693
8658
8922
5936
6614
9028
90
5833
5234
6582
3209
5007
3960
483
6016
3134
5438
7500
4090
6231
4059
3949
450
6142
853
8054
604
2990
8645
8558
7227
4051
6954
3415
3012
2479
116
2418
2155
9825
9995
7455
532
6448
7870
8766
24
6550
8817
7875
4324
9162
1502
4219
9572
7872
1831
1007
4043
9313
4944
7610
2759
5055
8255
1458
4350
4343
7821
7541
4560
699
7310
1795
786
6547
3476
8714
5806
4680
860
8952
5430
6548
7222
8612
7499
4294
5794
6902
5738
5870
2376
2124
8179
9222
8377
787
5166
8623
9263
6178
1183
7505
3266
914
4165
1275
4539
1324
3394
9920
3916
5387
1235
6912
7636
9259
8407
792
3412
5492
6331
2293
6956
719
9051
8348
2494
839
9576
7512
1175
7018
632
6716
1718
971
5976
2897
4770
5442
258
1905
3925
3403
6764
7603
928
1948
9545
122
5587
5044
5949
1914
5619
6325
2633
2912
3324
8794
7938
7318
6458
296
9806
1863
3593
4474
4686
7509
8934
1193
3536
6395
2687
4496
16
4267
388
6266
4458
7235
509
7546
6742
6321
8093
1962
9008
148
5553
3095
1210
6114
5541
9574
4700
2269
506
3815
6352
3786
6025
1868
1602
7518
1440
7129
492
3491
7089
3883
9790
7490
1021
6946
3900
9267
8310
73
696
4048
1754
2050
8931
7678
7216
5700
4711
1610
4599
3157
8138
3983
2707
991
8523
5057
3305
8347
7000
7308
2690
6254
7959
6066
3761
3386
7315
3857
621
5426
2211
1075
684
2522
3680
2379
5289
4713
123
7037
9769
6356
5472
6453
2159
810
2470
6039
9351
585
8521
2060
2361
2488
7312
7097
4661
2144
8531
8462
3487
3665
3205
3254
2848
4893
3110
6319
7659
827
8063
1064
618
3828
9004
8548
4974
4438
4867
3493
3101
9016
9676
788
3830
7588
9300
8781
9271
9217
9161
1301
8959
3238
2810
1574
5886
5445
447
4623
7323
7412
3067
7908
9936
9075
3158
7021
6042
4141
3314
8056
7625
3454
9830
155
9354
7044
4401
9145
7275
7661
1544
2000
8220
1917
2821
9904
4782
2729
5611
8788
4086
1889
6768
8919
819
1802
6648
1256
1866
7393
5004
6778
7669
1467
261
3472
701
6694
1360
9197
8841
9861
2620
8114
1243
3208
8615
2007
2946
9352
1515
4579
1240
8866
1191
1552
3016
8291
9319
7045
7706
9510
9045
1737
4629
881
3661
2913
6498
4520
4591
1118
2487
3609
6880
6120
389
3811
5205
2411
5157
8793
844
8541
5766
5451
1229
6171
2016
614
9565
2978
1492
218
1690
4803
6738
9288
3644
2413
3438
9281
3251
5006
277
9533
9530
5022
4132
5659
8158
3044
2550
4707
5207
4805
804
6367
4295
7212
7891
1597
8009
5735
6278
1005
2883
9527
5758
8457
2244
4109
1168
2366
1538
856
9622
6906
583
5111
7675
1192
5596
2585
8890
4666
7356
5808
7422
8429
8128
880
566
6567
9831
9489
5414
1244
7548
1214
7759
3848
1537
8353
3275
4524
9472
6783
3854
6183
4500
7910
9184
5672
1994
6143
3419
2657
6599
5401
7962
8031
9031
2132
7410
9268
1600
3618
9038
3912
1160
2809
4318
7849
1885
5069
9638
1148
1455
4411
4385
4689
8428
9418
8192
7566
4660
4607
5505
7426
7673
651
4205
7689
4604
2709
4836
8050
2197
2378
9944
8466
5740
5800
4320
8997
5995
1943
7145
5404
4652
8151
7780
1398
8209
5347
3945
8083
7198
7135
1562
2943
9871
182
2807
6650
6126
2214
8740
3246
2311
185
4934
7147
676
2704
201
252
3409
1704
5921
7332
4854
6607
1450
6198
996
5185
823
1791
1463
4825
3307
5795
5917
7164
7762
3218
7630
6430
3676
5049
7915
9956
4487
3606
2098
3174
2310
7956
6726
6619
6944
7008
2448
8618
8703
5598
3902
7504
9633
8692
921
6407
8598
5280
3341
6184
2737
3058
1930
6314
6427
8821
8657
4650
4464
3643
8694
4064
2535
9754
5655
3446
3400
9282
5058
6921
2352
3965
740
8660
5621
482
8163
8434
4314
1464
7809
5777
5524
9150
7935
5063
4333
8538
591
9007
8566
5187
4631
1731
1838
1382
9266
7351
9243
6569
4010
8772
8592
9067
4955
9748
5494
3801
8404
2671
8112
9054
6229
1164
8820
291
5315
7607
8780
9462
8130
384
592
5527
1186
5024
687
4136
4987
7708
8235
2336
5148
4833
9886
884
7525
2231
5565
7051
4646
1620
3452
3114
4020
402
7138
5706
1017
6996
7189
9340
3679
1880
3578
4625
9941
6546
2212
3316
7602
8948
1421
2695
2712
1342
9404
4258
7260
2289
5161
9524
1082
3946
3178
6468
9026
1835
627
5215
7888
2207
8226
807
1531
3201
2677
2117
9037
5260
2600
8896
2468
2959
3972
7688
1008
6937
3534
4340
7841
3836
5366
7193
281
2957
7250
6463
7242
7596
5999
5500
4311
7998
7182
3962
8551
9137
4890
1066
8292
5437
2529
750
596
6695
6300
8204
2062
3116
4847
6578
995
5685
9663
1645
7506
9990
5441
849
4971
8775
2895
3964
9372
2
3601
743
5350
394
1656
8432
4223
127
8734
6310
5398
1974
1650
4181
1317
2838
626
886
6682
3639
5088
4006
3326
1418
9973
8857
1420
2938
5957
9649
4255
5344
2548
8464
7050
2927
8016
2738
5771
6078
9634
1010
4238
2400
4998
5129
5017
934
659
128
9360
2643
9022
4008
8954
7936
2305
8865
6461
323
312
3666
8669
3199
1182
8006
4069
9950
6027
9789
6330
9695
2651
562
6977
5229
5048
9794
1298
1862
9553
5060
4949
52
1289
8597
1985
1720
2369
7947
377
5705
8914
8400
4887
1959
7703
6063
9843
5753
8465
4896
2993
1665
6205
9585
8921
7719
7765
7621
2964
4207
4799
5851
937
1375
9523
3921
2014
5686
5692
8726
5378
3007
417
7729
6749
8039
4005
4830
3460
8869
6157
2357
4679
7823
815
7744
6812
1677
4708
1069
6566
3587
4513
3597
5826
9595
7648
494
194
9854
3304
7746
4917
2582
3468
8193
162
6853
4011
2886
5100
3190
9330
6706
9013
9487
8278
8993
3706
5459
8619
8045
6914
9442
9897
4161
1379
4643
9385
778
2831
9842
1533
2044
958
6572
6119
5897
6575
7220
4655
2167
6596
1919
4970
6760
7074
8853
7529
1373
727
4781
2884
6480
1963
2951
708
5965
3529
7502
4383
8071
8386
4095
2995
8661
2433
7597
1050
3486
1448
6938
8382
9895
923
8446
8589
4338
7344
3046
3936
9911
1226
6392
6382
704
72
1488
8453
8364
3225
7843
1550
2192
8312
5
2195
2131
959
4091
4364
9537
5582
6723
6746
8735
9387
1035
2968
8743
5382
1632
3845
9371
593
6188
2302
8818
6057
4235
6859
2956
2186
3371
3675
8274
1871
4391
6904
713
53
5927
5670
5164
1115
6324
4907
8096
8350
2703
174
1722
7649
2286
1475
2225
7398
9759
6942
6688
2727
4484
4145
1205
8514
5510
9800
4868
7613
307
4335
9619
983
1103
3237
2151
5244
7679
9449
5327
4225
7671
5701
4844
433
9975
3907
6530
2458
1504
678
5132
3296
9120
6477
3686
41
3743
2108
9416
7445
4672
9846
7784
1896
2538
5929
1511
140
7590
1746
3933
7387
9035
2556
1967
4933
5141
8614
5379
9451
9210
2398
1654
436
3020
6295
2213
9548
9437
4372
4951
4820
3533
8015
7874
663
5391
5035
2686
327
5656
5155
428
7549
8956
6602
1326
7480
1573
5979
7261
9359
9866
1922
987
6467
5747
1869
2020
8966
8411
2100
688
3515
2306
8759
2867
2453
2739
3629
4396
599
96
3123
8886
8062
5369
8203
5581
3053
8388
3864
4575
9876
9623
7612
154
1973
6008
28
6340
3169
2900
4704
8685
9088
7078
4268
6279
5997
6728
9775
7709
7166
4710
9509
7526
826
9847
5218
3524
4995
1708
602
7447
4937
3119
2434
5624
8647
8005
4514
3375
5268
3733
2988
5041
5718
6994
8293
7259
2011
642
903
8205
1658
8137
9163
9396
8699
6505
1639
8415
9402
9273
181
1823
9702
8409
7397
4498
2321
9115
5252
3806
47
5662
186
1680
6662
6664
5253
301
8079
1853
8430
3146
4892
2570
6814
3151
8127
7700
8368
6422
857
3553
1947
8927
9235
9186
4185
598
2284
146
4582
4817
7543
8603
3475
1113
564
3549
929
1796
3182
7407
2109
7384
6784
977
6955
3283
2750
5881
1370
6056
4636
6252
1970
5061
1548
7856
9192
2539
5567
4139
720
7728
9337
8057
8358
4208
9672
3136
220
5464
5056
476
7411
8224
9570
8693
9776
2272
2303
9500
3989
9538
5223
460
3250
7807
782
7641
864
8582
3378
1070
7472
3279
6790
5555
2511
221
8808
7325
3726
6360
8716
1545
1640
2904
5010
3132
7211
949
2422
5068
3908
559
4602
463
6413
5729
2208
7011
9261
4453
2836
9723
4323
6481
3959
2544
21
3630
4163
4726
6732
8555
5107
313
1121
7414
1262
6933
3293
2730
9777
6286
2243
8581
6979
8640
7071
399
4911
8495
4749
4855
6629
7103
6873
4615
4983
7086
8753
976
8949
255
8152
5998
6709
8431
6896
8042
3911
1655
8649
9289
4239
9156
6215
3919
35
4883
3746
303
3710
8506
2057
4110
8046
4004
9200
3135
4519
7727
6104
9522
6871
5051
6322
2201
9709
5591
2555
3858
2174
5186
6772
2742
7940
9726
5115
352
1099
1646
8637
4979
7919
890
8779
3195
7448
6332
9923
4101
7072
1681
2837
6589
5324
8053
7650
732
6062
2720
1568
7831
1362
5775
8737
431
8610
2063
6514
7339
5180
2533
7589
9209
19
6451
1443
2424
6094
6632
3359
2824
2084
3637
4477
240
5126
3353
5283
341
2581
3641
8635
8143
8253
7941
5454
9662
916
641
3832
6950
9290
7830
4556
3413
8398
8396
471
6934
1130
8796
7471
7794
1585
347
5958
2086
1052
9348
3579
6339
6021
4900
3376
6476
8339
3659
5511
655
575
841
1748
2962
3276
9896
6810
334
7105
5660
3521
878
6268
1793
7081
4771
2087
2834
7542
6701
8646
7899
2674
3387
2663
8366
343
1945
6847
3889
2298
3918
7964
7810
496
5562
5839
4249
5146
4973
2735
4502
8256
1701
9610
1821
3793
9135
5522
8542
4908
1874
9679
4075
3991
5867
9413
956
9966
553
6494
2346
6435
9770
1660
8210
4341
3731
8776
4926
4245
7585
3384
6856
3197
3837
6245
6135
5213
9206
6995
80
3871
5389
5585
4521
5452
4443
5151
9841
772
5101
5027
1877
7122
4168
3343
7889
3567
1058
6019
1237
9724
3615
6710
8624
1137
6011
7452
7348
4379
7437
3239
2961
2081
3992
1013
9107
808
9935
8957
2513
92
9017
9943
20
3327
5456
7055
5837
1085
973
8269
3464
8651
1758
3708
3188
4299
846
7971
2158
5174
1369
7527
6111
882
7195
6838
42
8717
2112
3191
3928
8595
8260
3342
8239
2123
9706
3099
8883
4697
3640
1864
7954
9792
2406
502
4957
8720
1166
8756
290
781
5496
4642
2292
8472
4189
8643
8897
7978
9642
6606
1867
8480
5572
8913
7172
9561
6822
6653
8223
3485
6917
6180
366
1282
7404
6802
700
6061
6364
3682
2654
7057
1517
925
8878
8180
3433
775
5644
4508
3625
546
2774
196
4174
1990
8695
7834
4739
5042
6421
3150
5713
4455
1151
9932
1653
1785
5946
173
4105
7742
7460
227
702
2603
3198
2549
2142
1154
5109
6862
8156
4446
430
2312
9581
8873
4831
1876
1956
6672
8683
9971
2042
4055
6592
516
7920
1041
1743
1582
7704
7802
3062
4012
2405
8562
3091
3088
6398
9840
7503
8379
9931
3268
2421
7386
5000
3071
8349
3522
4410
4535
668
6517
6593
4610
8680
5191
3982
6907
5580
3289
6489
4499
2061
7477
9099
2902
1486
9185
1487
9237
1897
577
7254
1494
1037
206
1281
2266
6485
1953
4736
8272
321
4142
7593
3050
8874
7133
242
2045
1407
1449
2778
262
5142
8650
5298
1004
3113
5983
124
4445
735
9041
3890
1839
6867
5173
1726
5636
8707
6442
4199
9108
1161
4184
7545
6152
6041
4720
4408
7578
2385
9733
2536
6504
2790
4192
7338
698
5304
2328
4454
9916
1749
6941
5277
9274
4079
1212
1273
5646
8011
7554
3139
5882
8028
5029
4000
3713
3876
4092
3707
3061
608
896
9247
8892
7243
305
273
7663
1626
8681
761
4630
4155
3700
9938
1403
709
2650
5513
1908
1469
7606
9061
6846
2547
3963
4429
2198
1003
1252
2599
5710
6209
7430
2596
2661
1358
5473
4143
3109
102
8383
6898
1556
5893
4377
9361
9433
6978
5803
8822
4566
1207
2492
5466
5211
4138
9214
4800
6798
2326
9963
5578
4506
8389
9889
6739
5602
4
4791
2403
4217
650
4183
224
1988
504
6312
8723
438
5953
22
93
2397
8795
6410
5916
2080
2102
2785
2248
1162
3734
7066
4558
1128
736
1925
5592
7311
7647
2065
4400
4382
9981
4388
1563
372
5412
6999
2812
5380
9999
1901
2841
5569
6927
3502
5256
6004
7948
1167
5118
3252
6495
3131
6563
8298
9822
7806
263
7921
7158
6680
9513
3357
8554
942
2202
6391
4731
5498
5900
784
6628
5156
4996
4177
7056
9958
7929
6508
4732
5296
821
59
8516
1106
8655
2222
885
984
5689
4540
4409
8904
1328
5458
4060
5866
1642
5461
2945
6076
5339
4798
1590
7288
7039
1062
9850
3697
3003
7797
9772
9566
1346
3370
3164
8308
4872
424
8359
5910
5836
1091
5032
695
8328
5935
8229
9277
2629
7951
8211
6
8791
7281
408
3920
6730
6462
4717
3575
8486
3265
2218
3979
3853
8750
1519
2844
8240
5433
6520
4853
5577
4476
2067
9072
6522
1112
4901
1518
260
7432
5671
6086
7761
9708
557
7640
7406
4478
2260
7347
2856
9599
9497
4365
4802
6792
8251
125
9639
988
529
2724
37
1466
1692
2335
1742
4963
8930
2987
5123
6512
3906
658
1890
7419
3332
3290
933
3351
7931
7755
4962
4019
8943
9190
838
9921
7246
5507
1332
7515
3231
5077
4829
2940
1745
1786
2226
8519
8770
4054
7517
1170
226
1782
2005
4471
9422
1388
2526
6881
4641
8401
3228
6414
2710
4125
3436
8142
4102
4216
6478
8258
4140
2765
1641
4013
2565
5575
7295
2502
5181
4015
5521
4914
9280
8330
3176
2744
7764
9241
6240
9529
4843
2698
5934
8201
2667
7820
7367
2059
7493
2498
1339
9069
3420
7378
9720
4479
2485
9397
8605
4403
9253
268
3727
1887
2830
2353
4727
6841
1649
809
2278
3788
8318
3636
76
2839
3957
189
4399
749
2792
5145
3807
5704
3471
6375
8311
9301
1578
5222
7062
2791
5679
4516
1436
3335
7431
8928
3217
6130
4816
167
3339
462
1606
6928
9902
9697
1076
1462
6093
9766
8474
8281
7016
8569
7185
7582
9582
6804
396
8131
730
9314
4648
1452
7063
3701
2664
2046
3975
4200
1966
8937
8613
5182
5752
3859
9057
8392
4841
9146
8014
3635
1992
4992
2209
7741
757
9297
8965
2051
6513
3261
7916
5784
5872
7922
8755
8678
6256
8789
8489
7766
7389
1459
4518
9128
5400
4126
1101
2496
4608
2130
7615
5013
403
8436
6865
2523
9877
2905
9798
648
7423
5228
722
6699
6492
6146
6963
3696
4046
7408
8674
149
6626
1982
229
9168
3631
3990
2032
7385
8135
2262
6935
7291
1969
831
5894
8784
2402
7058
2152
8044
5491
4329
5890
6805
4835
3081
2642
5845
405
3595
4545
6854
8763
9074
6518
7863
5284
7871
2985
1411
271
4936
9169
1155
7314
7990
6878
3561
9376
8344
5939
7180
8437
8602
1801
4927
7977
5559
3817
2393
1198
5165
7333
9891
2627
7280
9391
2229
4982
8090
5240
4511
1987
7778
7421
7258
5474
4042
5321
955
6079
9712
1233
526
2806
6585
2852
6795
4673
744
2719
6313
7167
157
1996
4687
3888
5892
2185
3913
5355
2040
5802
5613
2140
3154
2631
1072
6160
8910
835
5196
8903
909
8936
7456
4175
4066
6540
8375
5869
3660
9123
7757
4414
7218
8953
3869
5515
3723
3941
2591
9849
6031
4780
7825
5177
9124
3572
7237
4564
2532
1781
9905
7692
6897
4865
7444
5805
8051
5600
7001
8106
617
9629
8395
6091
8191
9985
486
4677
3702
2726
1254
440
2455
1760
6538
5299
7230
5570
9252
4758
4586
6115
703
9058
1496
6960
4491
2184
8196
2105
6670
2125
5847
9621
1755
7848
178
9455
27
9320
3410
3935
9089
1312
3093
9735
6532
1904
7946
5089
4050
8607
3470
8823
6658
507
5540
165
3381
4404
8313
8212
7624
8454
6412
1844
5926
6411
613
3235
9699
310
7608
274
6113
5170
1932
4407
4489
2875
1615
2245
8493
4031
7995
5217
5487
6565
5561
812
3390
7023
1020
6870
4147
3161
7880
5081
918
7945
8356
879
4466
1433
5683
4076
100
3240
7840
9630
251
2242
6189
3230
2743
9747
1485
6018
36
5614
8497
179
7401
9102
667
8427
3495
4257
5139
9804
1678
904
3711
5923
2019
3810
1617
5334
1236
7059
4553
8471
5034
4150
9224
2217
1553
9307
7488
3860
9865
1412
7098
1333
790
2364
5948
5008
2808
2170
3703
6358
249
2615
8590
1840
4550
3789
1670
1257
3547
1096
7096
9824
9939
4929
5782
4682
4795
3673
1902
5813
5105
2616
5595
9389
1512
4533
2845
8194
967
7467
4932
8947
1094
6744
6154
1426
2997
8686
1828
3310
587
9666
783
1636
8787
5625
2147
339
6717
1489
7117
2359
3532
6895
4565
5322
4592
3803
7481
7540
9937
4301
4790
4596
1803
1819
9327
4576
5136
3203
1516
9220
2138
2658
1306
2551
9428
6099
4203
1429
551
7718
5370
5518
2002
8697
8198
9001
7183
1178
538
3117
8058
9750
5484
9474
6438
7918
1018
9647
6327
9275
2649
2383
4378
7773
5779
5478
4380
3010
4071
3527
4842
9967
7375
9729
2909
8529
1304
5711
6869
2235
9403
6370
6424
8222
4084
5904
1815
8970
3302
1156
8218
3978
7733
7171
7667
8851
1088
9829
7163
8101
3754
9539
8393
6511
9863
2855
4160
5959
7297
3770
7737
2107
2528
3259
5415
9298
6987
4768
9208
6534
1329
9969
9716
3372
4580
1826
7255
3038
467
7812
7491
7307
8901
6884
5367
5631
3684
862
8055
5463
197
9175
8426
8736
432
2907
4595
9873
4034
6033
9231
6288
1314
8091
6172
1490
8369
4941
7274
871
8816
7783
5422
8214
6208
7049
3499
861
5951
4360
5717
9962
9782
4361
1185
6176
4649
4302
7720
2034
6964
1688
324
4722
9477
8370
6122
7683
1861
418
2793
5497
5122
8273
7573
4606
1225
1958
9196
5781
1219
1584
2307
9696
9256
6147
8362
2253
5272
2575
2169
7300
989
9952
767
2624
8578
7854
9878
6196
1189
9691
6736
2115
365
2318
2701
9550
269
7371
7461
9140
6333
7486
6689
2043
9060
1497
7131
5119
9160
1630
9103
7359
4369
9615
728
222
5687
1258
1595
858
5568
1359
8668
7917
2903
8838
7985
2691
3861
2929
1061
1222
848
2716
9304
6807
8632
8498
4813
635
8264
6379
4230
8327
2614
461
9922
9844
8164
8535
6676
508
837
4221
7354
7114
672
953
4924
2428
8026
9464
4942
6908
5819
6932
7305
5554
6885
7068
8019
67
549
6747
1771
8550
7162
2052
8629
1978
9926
6285
1299
5460
8286
5955
994
7043
10
9492
3694
1984
386
9648
2415
2777
3805
1935
6620
112
7372
4523
7652
8111
8405
9736
6889
2618
151
6549
5825
2257
4316
6191
7200
9106
2578
9341
4918
9218
5708
89
6656
8352
1729
1437
5632
5633
1637
4778
3842
6860
8305
4588
7120
7287
4857
8268
8940
4906
6009
6105
4151
3431
7313
2274
3148
7439
7093
7473
8596
4870
3255
7654
1849
1313
5536
8064
5176
3952
7321
2757
5793
2392
1772
8868
342
5429
5224
6826
8844
3034
7736
2541
7279
3264
5573
9737
288
6519
1618
7249
7682
3092
8738
4417
9918
8638
5583
1993
8317
9496
1555
1392
3356
3898
3699
1715
4278
5767
4198
1343
552
7303
391
2589
7363
4716
6753
3291
9803
5834
8419
765
3759
3923
2320
5440
9731
6151
8902
1733
4746
3462
6298
951
5801
5858
5932
3510
2481
6831
960
6835
3545
8906
3257
1703
7686
4202
2093
2975
912
4585
9481
6250
5547
1385
820
4819
7236
7680
2277
7349
6952
4965
5962
2414
4897
3872
1202
742
5050
6872
9795
3229
6936
8121
2457
2351
9110
3143
7553
2734
5677
6353
118
9180
8012
9656
870
7587
5153
4444
145
1245
8105
9238
7898
180
8003
5495
8871
5083
6571
1291
5309
8088
6106
3958
7084
3057
1203
4864
8458
6821
1824
5332
298
6910
5862
3821
6020
8113
8248
3800
9930
9608
9174
6758
2748
3402
5235
4402
7141
5972
7739
4753
4134
2110
3867
8991
3181
2605
4322
692
9450
381
639
3223
2021
6346
1952
3656
7883
6845
5319
7815
6255
536
3796
4242
924
9757
6159
4656
9906
9421
4647
2933
3089
5940
4730
8199
3017
333
1603
5360
3477
3301
3895
5676
2064
5616
223
238
8641
3840
7533
7146
5863
3041
3013
2122
3514
9171
8104
6251
8336
5302
