99992
99982
99978
99963
99955
99897
99895
99887
99886
99869
99860
99847
99847
99837
99834
99815
99808
99800
99748
99742
99718
99712
99705
99687
99685
99663
99650
99643
99639
99626
99622
99617
99616
99601
99597
99578
99573
99541
99538
99536
99535
99521
99499
99490
99473
99466
99457
99454
99442
99428
99412
99401
99399
99380
99369
99368
99362
99355
99349
99349
99333
99330
99324
99323
99313
99313
99308
99304
99303
99298
99292
99270
99270
99257
99246
99238
99231
99225
99212
99193
99193
99188
99182
99169
99153
99132
99120
99111
99098
99096
99093
99084
99074
99048
99041
99039
99022
99021
99018
99015
99003
99001
98992
98979
98968
98967
98963
98957
98955
98931
98930
98924
98917
98904
98899
98867
98858
98854
98846
98828
98818
98806
98803
98801
98789
98775
98769
98759
98754
98716
98701
98685
98676
98652
98647
98643
98636
98628
98623
98619
98616
98604
98595
98595
98592
98584
98576
98569
98562
98556
98554
98550
98548
98547
98544
98536
98494
98472
98467
98463
98425
98423
98416
98395
98375
98367
98366
98356
98343
98338
98323
98318
98307
98306
98300
98274
98268
98265
98250
98248
98197
98188
98188
98183
98178
98171
98147
98143
98137
98113
98108
98094
98077
98063
98052
98049
98047
98040
98033
98020
98017
98016
97998
97996
97996
97980
97965
97964
97958
97950
97940
97935
97928
97909
97909
97895
97888
97886
97886
97875
97864
97857
97857
97851
97851
97846
97838
97835
97823
97820
97816
97816
97807
97807
97804
97790
97781
97772
97764
97761
97755
97747
97745
97743
97735
97730
97728
97715
97703
97698
97697
97672
97660
97646
97624
97587
97577
97575
97572
97562
97555
97546
97536
97536
97528
97523
97515
97510
97495
97487
97476
97470
97466
97447
97445
97430
97422
97417
97403
97401
97396
97393
97391
97370
97360
97354
97346
97345
97325
97325
97284
97281
97274
97272
97271
97270
97261
97261
97242
97238
97228
97224
97219
97209
97205
97184
97181
97175
97160
97155
97151
97137
97137
97123
97121
97082
97080
97073
97069
97068
97064
97059
97054
97003
96999
96988
96983
96967
96963
96962
96951
96911
96908
96896
96850
96843
96827
96822
96805
96805
96782
96776
96761
96760
96755
96748
96741
96737
96732
96715
96711
96709
96702
96692
96678
96676
96669
96661
96644
96641
96608
96608
96602
96600
96596
96594
96555
96552
96552
96537
96520
96507
96503
96496
96478
96475
96461
96435
96422
96415
96408
96405
96403
96396
96386
96364
96343
96341
96335
96327
96314
96307
96307
96300
96296
96286
96278
96249
96245
96240
96227
96220
96209
96199
96188
96183
96182
96177
96173
96169
96149
96129
96112
96106
96106
96093
96090
96072
96072
96063
96056
96052
96040
96031
96018
96010
95989
95985
95978
95973
95958
95939
95936
95925
95902
95898
95891
95869
95845
95830
95828
95825
95825
95808
95795
95790
95782
95764
95758
95727
95716
95706
95701
95695
95689
95674
95673
95657
95641
95617
95600
95595
95585
95562
95555
95536
95504
95503
95487
95467
95464
95437
95430
95419
95390
95384
95364
95359
95337
95337
95332
95331
95311
95283
95280
95277
95252
95244
95216
95203
95203
95197
95185
95180
95146
95139
95126
95107
95099
95093
95082
95069
95034
95009
94991
94978
94956
94948
94918
94915
94914
94889
94883
94882
94851
94838
94833
94829
94813
94811
94811
94799
94781
94764
94747
94738
94722
94700
94693
94692
94689
94675
94671
94667
94622
94596
94575
94568
94554
94547
94517
94501
94498
94460
94453
94439
94432
94427
94426
94418
94395
94387
94384
94369
94362
94353
94344
94339
94328
94324
94263
94250
94249
94233
94227
94223
94212
94207
94161
94158
94143
94140
94138
94126
94120
94108
94091
94091
94085
94084
94081
94073
94068
94063
94045
94038
94037
94018
94003
93993
93988
93985
93967
93967
93965
93963
93949
93932
93928
93907
93905
93890
93862
93834
93820
93798
93795
93790
93786
93781
93765
93762
93745
93742
93738
93735
93735
93734
93720
93695
93684
93680
93680
93678
93665
93649
93644
93637
93631
93617
93610
93609
93605
93598
93597
93594
93539
93538
93535
93487
93478
93452
93430
93429
93423
93400
93387
93386
93384
93301
93282
93269
93263
93251
93234
93228
93227
93220
93219
93196
93189
93180
93180
93177
93153
93149
93146
93145
93139
93128
93113
93090
93076
93044
93036
93034
93029
93024
92963
92962
92960
92957
92934
92928
92917
92904
92904
92893
92881
92878
92874
92869
92861
92857
92849
92849
92840
92839
92831
92799
92793
92791
92783
92772
92755
92742
92742
92732
92730
92697
92696
92684
92678
92676
92666
92665
92664
92662
92661
92643
92639
92624
92623
92611
92610
92583
92582
92579
92561
92557
92556
92545
92541
92540
92520
92519
92508
92469
92469
92468
92468
92450
92447
92430
92423
92420
92410
92400
92387
92382
92361
92353
92333
92330
92323
92291
92286
92283
92279
92277
92263
92254
92253
92223
92212
92207
92190
92184
92174
92169
92157
92155
92149
92143
92142
92136
92122
92112
92107
92097
92084
92075
92065
92062
92054
92037
92030
91998
91993
91988
91975
91972
91959
91936
91926
91926
91922
91909
91905
91887
91853
91853
91840
91838
91824
91809
91809
91808
91807
91799
91793
91790
91787
91784
91766
91766
91762
91743
91739
91726
91714
91696
91686
91669
91663
91660
91631
91630
91618
91616
91610
91599
91565
91557
91550
91547
91514
91513
91502
91479
91455
91448
91426
91424
91420
91414
91408
91387
91365
91350
91348
91342
91340
91324
91301
91280
91266
91242
91210
91204
91197
91175
91161
91141
91133
91133
91121
91116
91102
91088
91069
91065
91037
91037
91012
90995
90988
90986
90984
90984
90980
90980
90973
90963
90955
90948
90940
90904
90903
90893
90868
90838
90831
90824
90824
90793
90765
90743
90742
90716
90712
90712
90708
90703
90698
90695
90693
90650
90629
90629
90618
90602
90601
90594
90588
90583
90580
90575
90564
90560
90558
90548
90541
90541
90504
90476
90471
90469
90417
90399
90390
90384
90377
90361
90312
90305
90304
90293
90291
90289
90287
90270
90258
90256
90246
90227
90226
90217
90217
90212
90205
90201
90201
90196
90191
90191
90174
90172
90170
90157
90151
90112
90108
90099
90091
90074
90069
90061
90048
90037
90007
90006
90001
89988
89988
89980
89972
89966
89955
89948
89941
89926
89917
89900
89878
89877
89872
89850
89830
89829
89814
89764
89754
89752
89748
89735
89718
89711
89695
89695
89692
89686
89680
89666
89643
89643
89629
89620
89614
89611
89602
89600
89596
89574
89574
89563
89560
89549
89546
89533
89519
89492
89481
89476
89474
89467
89464
89461
89458
89432
89431
89429
89410
89405
89395
89392
89375
89375
89368
89368
89350
89338
89337
89334
89332
89329
89317
89306
89299
89286
89272
89271
89244
89235
89210
89188
89164
89159
89148
89140
89138
89128
89110
89095
89084
89066
89064
89044
89037
89027
89003
88974
88968
88960
88951
88950
88948
88948
88935
88908
88892
88878
88871
88859
88852
88848
88840
88826
88820
88816
88812
88809
88807
88799
88798
88790
88780
88767
88758
88733
88726
88711
88691
88681
88678
88671
88670
88669
88662
88654
88647
88640
88622
88613
88611
88603
88590
88575
88566
88564
88536
88531
88511
88506
88491
88478
88476
88469
88456
88449
88448
88439
88424
88393
88392
88388
88380
88377
88375
88370
88355
88355
88352
88330
88320
88313
88295
88285
88277
88265
88244
88225
88224
88206
88184
88178
88168
88161
88124
88110
88104
88092
88086
88085
88081
88062
88051
88010
88005
87997
87980
87974
87970
87969
87963
87961
87950
87943
87942
87935
87924
87921
87916
87893
87891
87890
87885
87885
87880
87867
87854
87846
87839
87825
87824
87802
87794
87766
87757
87756
87749
87724
87712
87682
87670
87665
87659
87658
87650
87646
87632
87628
87628
87621
87618
87609
87604
87591
87591
87576
87570
87559
87544
87540
87538
87509
87507
87502
87498
87486
87472
87460
87456
87449
87438
87432
87431
87425
87425
87423
87415
87413
87410
87397
87392
87374
87366
87363
87357
87355
87354
87339
87337
87290
87257
87238
87232
87221
87194
87174
87152
87126
87105
87101
87087
87079
87071
87067
87061
87057
87049
86988
86987
86964
86954
86946
86932
86920
86913
86912
86908
86901
86886
86884
86875
86869
86849
86841
86837
86813
86801
86777
86765
86762
86760
86743
86743
86727
86727
86726
86704
86703
86701
86700
86678
86672
86672
86665
86657
86653
86644
86619
86612
86600
86599
86587
86587
86587
86559
86535
86528
86512
86507
86502
86495
86488
86488
86483
86475
86470
86468
86466
86443
86433
86430
86417
86405
86405
86393
86392
86383
86356
86291
86286
86282
86243
86224
86212
86187
86176
86160
86159
86154
86128
86118
86116
86111
86083
86075
86061
86045
86008
86003
86000
86000
85974
85968
85963
85954
85953
85930
85926
85878
85869
85860
85839
85835
85817
85817
85816
85814
85807
85798
85796
85795
85773
85771
85761
85759
85747
85726
85719
85707
85670
85660
85659
85650
85649
85630
85608
85607
85603
85555
85545
85526
85493
85491
85484
85476
85474
85465
85456
85445
85435
85425
85424
85420
85413
85400
85390
85386
85378
85352
85346
85318
85317
85310
85283
85259
85252
85240
85219
85212
85206
85200
85190
85164
85154
85148
85136
85129
85123
85117
85115
85108
85104
85100
85092
85076
85027
85019
85014
85005
84990
84984
84980
84973
84969
84964
84942
84928
84927
84918
84882
84878
84877
84861
84860
84859
84839
84833
84830
84813
84798
84788
84786
84786
84783
84782
84762
84748
84747
84731
84718
84708
84663
84660
84655
84653
84650
84643
84594
84594
84589
84580
84578
84571
84563
84556
84545
84536
84534
84511
84510
84507
84507
84493
84491
84476
84464
84464
84454
84450
84449
84439
84428
84426
84404
84394
84389
84386
84386
84385
84375
84375
84374
84372
84345
84343
84303
84289
84271
84270
84265
84261
84239
84238
84232
84195
84190
84183
84172
84167
84166
84150
84127
84103
84087
84084
84069
84056
84046
84037
84036
84034
84025
84020
84000
83990
83981
83979
83963
83961
83921
83916
83914
83906
83906
83874
83851
83848
83840
83832
83813
83810
83796
83796
83791
83763
83756
83749
83735
83721
83715
83713
83695
83689
83676
83672
83663
83641
83638
83624
83623
83616
83604
83584
83574
83567
83538
83524
83523
83514
83512
83505
83499
83469
83461
83460
83459
83449
83434
83411
83367
83358
83351
83338
83336
83335
83329
83315
83312
83309
83306
83283
83275
83265
83254
83239
83228
83217
83210
83210
83204
83180
83173
83173
83170
83159
83157
83148
83143
83099
83097
83079
83069
83069
83056
83050
82982
82952
82950
82943
82940
82923
82913
82913
82910
82906
82903
82902
82890
82847
82840
82839
82836
82802
82802
82802
82793
82792
82791
82790
82787
82770
82759
82756
82742
82740
82729
82717
82715
82707
82705
82681
82679
82677
82675
82666
82666
82666
82637
82637
82616
82611
82603
82561
82532
82531
82524
82516
82499
82496
82484
82483
82481
82475
82473
82461
82458
82455
82453
82432
82431
82425
82420
82412
82411
82407
82389
82377
82374
82370
82362
82345
82342
82339
82330
82330
82305
82299
82298
82291
82288
82283
82276
82257
82247
82236
82226
82213
82207
82199
82186
82156
82145
82129
82112
82108
82107
82080
82046
82027
82024
82023
82015
81985
81978
81972
81954
81936
81913
81893
81890
81888
81886
81875
81870
81861
81848
81829
81828
81820
81817
81817
81807
81778
81764
81759
81756
81752
81749
81741
81740
81738
81737
81727
81699
81684
81655
81653
81642
81603
81598
81597
81583
81580
81574
81568
81566
81565
81565
81556
81535
81532
81532
81531
81530
81529
81523
81498
81494
81493
81479
81477
81456
81414
81395
81382
81364
81363
81351
81351
81351
81351
81349
81349
81342
81332
81329
81323
81323
81300
81299
81285
81261
81251
81244
81233
81229
81226
81223
81222
81219
81217
81189
81180
81165
81162
81162
81159
81158
81144
81142
81140
81140
81138
81118
81099
81093
81087
81072
81061
81054
81052
81050
81012
80994
80980
80972
80971
80967
80962
80961
80960
80947
80935
80924
80921
80918
80913
80904
80897
80895
80862
80858
80855
80831
80827
80821
80808
80808
80807
80800
80797
80795
80794
80786
80778
80776
80768
80751
80736
80735
80730
80712
80707
80678
80662
80653
80640
80638
80614
80598
80597
80596
80591
80588
80578
80562
80533
80524
80518
80518
80508
80507
80503
80465
80454
80428
80399
80365
80360
80320
80319
80306
80303
80293
80290
80270
80265
80250
80228
80226
80206
80198
80192
80188
80172
80162
80160
80141
80132
80132
80119
80119
80094
80089
80088
80083
80067
80031
80011
80008
80008
79998
79998
79994
79984
79971
79958
79945
79943
79900
79896
79889
79878
79875
79834
79828
79819
79819
79818
79813
79808
79806
79791
79776
79772
79765
79756
79728
79713
79708
79701
79691
79684
79679
79677
79673
79666
79660
79654
79643
79624
79623
79621
79600
79600
79596
79588
79579
79556
79551
79531
79520
79518
79507
79504
79504
79496
79494
79463
79453
79435
79432
79420
79420
79411
79398
79385
79353
79329
79317
79299
79245
79234
79214
79201
79195
79195
79178
79173
79165
79143
79138
79127
79127
79123
79117
79114
79111
79109
79078
79076
79074
79069
79066
79061
79049
79047
79033
79010
79006
79003
78990
78979
78968
78966
78952
78942
78914
78908
78896
78884
78873
78872
78860
78859
78855
78848
78846
78825
78820
78816
78806
78800
78798
78782
78773
78763
78756
78756
78749
78748
78745
78743
78737
78719
78713
78697
78690
78688
78685
78679
78649
78641
78638
78632
78625
78622
78621
78599
78594
78582
78577
78574
78569
78565
78538
78535
78533
78497
78492
78473
78468
78457
78454
78444
78442
78439
78421
78402
78388
78384
78382
78380
78377
78360
78358
78346
78330
78316
78299
78294
78293
78286
78285
78282
78279
78269
78266
78266
78258
78245
78236
78230
78225
78221
78202
78201
78196
78155
78132
78130
78129
78123
78121
78090
78064
78053
78040
78013
78012
78009
78004
77999
77983
77983
77982
77958
77950
77944
77941
77938
77923
77921
77921
77919
77913
77885
77867
77859
77856
77846
77842
77832
77830
77808
77795
77793
77791
77776
77773
77759
77731
77728
77699
77689
77685
77671
77671
77651
77645
77634
77631
77613
77590
77584
77569
77569
77561
77554
77552
77550
77548
77543
77542
77523
77521
77512
77509
77487
77482
77480
77479
77474
77474
77448
77442
77441
77435
77413
77410
77405
77403
77387
77362
77360
77349
77332
77331
77319
77303
77290
77288
77262
77254
77253
77252
77251
77247
77243
77234
77224
77222
77208
77201
77190
77188
77187
77187
77182
77162
77155
77145
77141
77130
77110
77102
77102
77101
77095
77091
77065
77058
77057
77049
77044
77036
77014
77008
77001
77000
76984
76980
76967
76964
76946
76920
76905
76902
76900
76899
76895
76887
76884
76877
76868
76863
76857
76853
76838
76825
76811
76810
76806
76806
76805
76797
76793
76791
76770
76760
76759
76756
76736
76715
76708
76692
76692
76689
76685
76657
76655
76642
76642
76637
76636
76624
76607
76600
76593
76582
76580
76534
76528
76500
76490
76480
76467
76466
76459
76427
76402
76394
76393
76385
76364
76357
76341
76320
76320
76311
76306
76306
76298
76262
76260
76259
76234
76231
76222
76219
76202
76201
76196
76151
76089
76077
76058
76053
76053
76048
76039
76036
76034
76017
76012
75970
75960
75958
75956
75937
75919
75908
75901
75899
75884
75875
75853
75851
75845
75844
75843
75805
75786
75782
75773
75772
75772
75770
75732
75723
75722
75722
75722
75706
75705
75704
75694
75681
75680
75666
75661
75658
75644
75614
75578
75567
75565
75553
75551
75531
75513
75513
75510
75508
75493
75471
75468
75462
75459
75448
75447
75436
75420
75417
75417
75414
75410
75387
75383
75358
75351
75343
75331
75322
75303
75299
75273
75271
75267
75265
75264
75256
75246
75244
75230
75206
75197
75196
75185
75172
75164
75151
75148
75146
75144
75142
75142
75131
75122
75098
75097
75085
75084
75029
75029
75011
74963
74960
74945
74933
74925
74906
74887
74884
74883
74877
74859
74839
74836
74835
74823
74782
74769
74761
74760
74757
74751
74747
74722
74712
74697
74696
74692
74690
74683
74673
74668
74651
74624
74623
74600
74585
74582
74578
74562
74546
74546
74495
74470
74468
74453
74451
74443
74433
74413
74402
74400
74398
74397
74393
74386
74384
74368
74363
74351
74351
74332
74323
74317
74317
74316
74298
74275
74271
74267
74265
74253
74243
74236
74227
74221
74214
74200
74193
74183
74171
74171
74166
74158
74155
74153
74129
74126
74093
74085
74081
74080
74074
74074
74059
74057
74057
74057
74048
74045
74040
74036
74036
74035
74027
74026
74018
74015
73996
73984
73979
73969
73964
73963
73959
73940
73921
73915
73910
73898
73881
73867
73799
73777
73773
73765
73764
73763
73753
73750
73737
73729
73715
73700
73691
73691
73662
73649
73647
73646
73633
73621
73603
73583
73578
73568
73567
73561
73535
73531
73519
73498
73490
73484
73471
73450
73447
73439
73418
73391
73390
73384
73383
73372
73346
73333
73316
73315
73313
73308
73304
73303
73295
73289
73287
73259
73256
73245
73233
73233
73231
73231
73222
73218
73216
73204
73186
73163
73161
73155
73139
73121
73100
73072
73066
73062
73056
73043
73041
73027
73003
72986
72982
72970
72952
72950
72945
72942
72941
72941
72926
72913
72905
72893
72882
72864
72855
72842
72832
72815
72809
72808
72800
72796
72758
72748
72743
72742
72736
72730
72709
72697
72688
72677
72673
72669
72653
72650
72641
72622
72621
72617
72616
72611
72611
72597
72592
72550
72540
72538
72524
72518
72516
72495
72489
72484
72467
72458
72451
72435
72430
72421
72411
72407
72404
72381
72381
72380
72355
72350
72313
72312
72309
72302
72291
72291
72275
72248
72241
72229
72218
72196
72177
72173
72163
72160
72160
72158
72154
72138
72136
72134
72129
72127
72123
72122
72106
72098
72096
72068
72067
72066
72063
72046
72010
72010
72009
72008
71985
71972
71966
71947
71945
71945
71932
71917
71913
71909
71893
71886
71880
71879
71878
71875
71869
71853
71833
71825
71820
71817
71813
71802
71801
71787
71783
71770
71767
71737
71736
71735
71726
71726
71703
71702
71699
71689
71665
71664
71637
71622
71621
71621
71614
71609
71605
71584
71580
71578
71578
71576
71567
71556
71540
71532
71529
71491
71482
71458
71455
71451
71449
71400
71399
71368
71364
71363
71351
71339
71336
71328
71299
71294
71291
71282
71280
71272
71272
71262
71253
71238
71234
71206
71198
71188
71185
71182
71172
71169
71164
71163
71154
71139
71138
71135
71129
71124
71097
71095
71092
71078
71076
71072
71055
71051
70986
70986
70959
70957
70945
70944
70938
70935
70930
70918
70914
70913
70872
70866
70862
70860
70857
70847
70844
70843
70832
70827
70823
70819
70805
70787
70767
70746
70745
70740
70723
70720
70709
70707
70667
70662
70662
70658
70641
70635
70630
70630
70621
70613
70596
70586
70586
70573
70554
70554
70547
70545
70522
70483
70480
70472
70468
70449
70439
70432
70428
70425
70407
70370
70370
70335
70334
70322
70319
70294
70290
70284
70282
70276
70275
70249
70229
70221
70190
70188
70176
70175
70156
70145
70139
70132
70098
70086
70079
70065
70058
70051
70047
70046
70043
70037
70032
70011
70011
69990
69985
69979
69962
69952
69951
69950
69940
69938
69932
69923
69921
69917
69911
69902
69900
69876
69858
69854
69853
69813
69801
69792
69782
69769
69762
69755
69743
69719
69687
69676
69673
69670
69658
69645
69622
69612
69600
69567
69497
69488
69485
69483
69470
69464
69447
69445
69429
69420
69415
69403
69397
69387
69384
69382
69379
69370
69355
69345
69336
69333
69313
69285
69283
69276
69265
69261
69241
69234
69226
69223
69218
69207
69203
69189
69187
69182
69179
69172
69167
69161
69145
69144
69134
69130
69115
69109
69100
69097
69092
69088
69080
69077
69071
69064
69058
69011
68985
68978
68962
68956
68950
68940
68932
68930
68921
68910
68894
68894
68878
68873
68871
68863
68850
68841
68817
68809
68801
68801
68792
68786
68785
68784
68773
68756
68749
68727
68727
68725
68721
68715
68693
68675
68672
68644
68629
68603
68598
68598
68592
68587
68561
68558
68547
68534
68522
68510
68499
68496
68484
68459
68456
68444
68441
68431
68419
68398
68397
68391
68380
68372
68356
68355
68353
68351
68347
68341
68333
68321
68318
68303
68302
68290
68276
68273
68269
68269
68258
68258
68257
68256
68240
68236
68224
68219
68217
68211
68194
68193
68193
68192
68188
68184
68180
68172
68126
68125
68119
68110
68099
68091
68087
68073
68069
68065
68064
68050
68027
68023
68020
68007
68002
67999
67992
67985
67974
67963
67947
67930
67929
67912
67909
67909
67902
67869
67867
67865
67864
67864
67858
67853
67847
67835
67831
67822
67807
67799
67798
67790
67784
67772
67766
67754
67751
67749
67746
67738
67726
67726
67704
67702
67702
67679
67679
67656
67645
67630
67615
67614
67607
67592
67589
67587
67587
67584
67554
67547
67514
67508
67494
67480
67475
67474
67460
67459
67457
67438
67435
67422
67414
67401
67401
67394
67388
67386
67381
67361
67355
67339
67336
67329
67322
67322
67304
67301
67300
67299
67297
67288
67281
67248
67245
67243
67241
67240
67239
67228
67218
67195
67189
67187
67186
67149
67142
67138
67127
67120
67110
67103
67095
67088
67085
67084
67076
67061
67057
67053
67052
67035
67033
67033
67030
67013
67013
66996
66986
66971
66967
66963
66946
66944
66924
66915
66898
66881
66857
66846
66845
66842
66824
66807
66798
66789
66786
66784
66779
66776
66767
66754
66742
66739
66721
66717
66713
66704
66691
66664
66660
66660
66653
66652
66647
66638
66621
66609
66589
66587
66583
66579
66570
66557
66552
66550
66547
66529
66522
66515
66509
66468
66466
66448
66448
66442
66414
66405
66403
66395
66390
66386
66370
66336
66319
66311
66289
66284
66280
66263
66262
66257
66248
66239
66233
66230
66230
66228
66226
66212
66208
66195
66174
66173
66163
66159
66144
66139
66124
66115
66109
66105
66094
66087
66028
66007
65992
65992
65986
65964
65952
65951
65937
65925
65923
65916
65913
65892
65888
65883
65881
65861
65846
65836
65835
65834
65829
65815
65803
65800
65793
65773
65714
65685
65684
65674
65661
65654
65651
65642
65633
65623
65592
65579
65574
65572
65568
65549
65529
65524
65523
65523
65519
65513
65501
65497
65484
65480
65460
65421
65420
65408
65406
65399
65396
65370
65367
65361
65361
65360
65340
65321
65309
65307
65304
65290
65262
65256
65251
65246
65212
65184
65171
65170
65167
65156
65155
65144
65140
65120
65120
65101
65090
65084
65077
65075
65067
65062
65053
65032
65030
65029
65015
65015
65010
65004
64992
64977
64976
64968
64967
64964
64963
64952
64952
64950
64939
64933
64927
64893
64880
64879
64867
64860
64858
64851
64849
64836
64810
64802
64780
64764
64754
64753
64744
64728
64705
64701
64692
64679
64670
64663
64661
64649
64645
64628
64610
64606
64606
64599
64592
64566
64561
64532
64524
64517
64503
64501
64495
64492
64479
64477
64463
64442
64436
64427
64412
64410
64390
64373
64353
64352
64342
64299
64296
64291
64286
64268
64222
64219
64217
64217
64213
64209
64207
64195
64193
64190
64166
64157
64153
64146
64141
64137
64133
64122
64114
64107
64106
64100
64096
64081
64080
64054
64033
64008
64005
63999
63999
63993
63979
63973
63970
63965
63961
63961
63959
63955
63950
63928
63920
63897
63871
63859
63858
63835
63830
63824
63809
63807
63805
63801
63780
63778
63776
63769
63762
63752
63748
63744
63741
63740
63725
63699
63697
63690
63668
63652
63645
63641
63624
63621
63620
63598
63592
63587
63530
63527
63513
63508
63474
63463
63442
63428
63420
63412
63409
63378
63377
63369
63363
63357
63355
63338
63325
63313
63308
63299
63295
63290
63281
63265
63259
63244
63237
63236
63228
63215
63211
63210
63202
63189
63141
63137
63099
63085
63072
63052
63038
63037
63030
62981
62975
62973
62956
62949
62948
62939
62933
62932
62926
62919
62898
62893
62873
62865
62853
62838
62826
62816
62814
62803
62802
62790
62784
62769
62763
62760
62758
62749
62740
62736
62735
62731
62730
62726
62723
62723
62705
62695
62692
62692
62665
62665
62658
62640
62633
62616
62599
62599
62589
62582
62581
62565
62564
62548
62540
62509
62503
62497
62479
62468
62463
62457
62446
62446
62446
62420
62376
62374
62371
62365
62363
62330
62312
62307
62306
62288
62288
62278
62275
62269
62262
62253
62247
62242
62242
62236
62224
62219
62216
62199
62172
62159
62141
62135
62122
62102
62082
62075
62065
62063
62060
62058
62058
62058
62056
62056
62031
62007
62007
61997
61988
61956
61955
61943
61938
61934
61926
61923
61918
61909
61881
61874
61871
61864
61857
61854
61849
61849
61842
61840
61824
61823
61819
61808
61804
61798
61798
61793
61781
61772
61772
61771
61769
61765
61754
61751
61742
61721
61694
61694
61687
61677
61673
61665
61651
61647
61628
61615
61593
61588
61574
61573
61548
61541
61535
61524
61517
61508
61503
61460
61449
61438
61418
61410
61406
61406
61395
61372
61337
61314
61307
61303
61287
61284
61284
61279
61276
61275
61259
61255
61255
61245
61204
61180
61176
61175
61171
61171
61159
61151
61151
61149
61117
61114
61108
61100
61093
61090
61089
61064
61063
61062
61062
61050
61027
61009
61003
60987
60970
60969
60948
60945
60939
60935
60931
60925
60925
60921
60921
60916
60913
60890
60875
60840
60833
60806
60783
60768
60766
60761
60757
60752
60743
60731
60725
60693
60673
60665
60641
60641
60638
60635
60618
60614
60600
60599
60580
60578
60577
60569
60562
60546
60543
60528
60508
60483
60474
60472
60467
60465
60454
60445
60433
60432
60426
60425
60411
60394
60342
60334
60330
60326
60320
60310
60264
60251
60248
60195
60187
60183
60182
60176
60167
60159
60148
60135
60126
60120
60113
60098
60060
60056
60056
60055
60048
60045
60043
60038
60010
59996
59995
59987
59982
59974
59954
59941
59933
59924
59917
59912
59896
59895
59883
59865
59854
59832
59831
59824
59806
59804
59800
59788
59747
59740
59740
59736
59725
59724
59717
59711
59705
59682
59674
59660
59655
59653
59645
59629
59620
59615
59610
59570
59561
59552
59541
59487
59482
59480
59474
59473
59466
59465
59453
59453
59451
59442
59419
59416
59414
59412
59409
59402
59397
59388
59378
59378
59376
59353
59350
59343
59342
59340
59338
59336
59298
59293
59276
59263
59234
59232
59228
59225
59225
59216
59194
59173
59163
59158
59156
59155
59150
59137
59130
59103
59101
59070
59019
58994
58993
58984
58979
58968
58953
58952
58948
58944
58940
58928
58921
58920
58914
58911
58910
58906
58881
58841
58840
58838
58821
58787
58770
58769
58763
58750
58726
58718
58699
58688
58685
58677
58670
58667
58665
58659
58656
58654
58647
58631
58628
58625
58596
58592
58553
58551
58536
58516
58503
58491
58466
58462
58460
58458
58449
58423
58404
58391
58384
58379
58374
58346
58336
58321
58302
58295
58281
58259
58243
58235
58226
58219
58217
58208
58200
58181
58180
58171
58164
58160
58154
58149
58134
58125
58116
58116
58114
58110
58102
58094
58074
58051
58034
58017
58004
57997
57991
57988
57987
57981
57977
57942
57942
57929
57919
57917
57915
57901
57893
57869
57860
57858
57857
57855
57853
57847
57823
57819
57814
57776
57771
57767
57752
57749
57741
57702
57689
57669
57630
57614
57608
57607
57585
57568
57539
57520
57519
57514
57506
57501
57484
57464
57459
57458
57451
57437
57434
57413
57408
57400
57382
57382
57378
57360
57346
57344
57335
57321
57309
57297
57290
57286
57265
57260
57232
57222
57218
57214
57201
57192
57189
57184
57182
57182
57176
57168
57160
57151
57139
57132
57130
57121
57110
57100
57099
57088
57078
57076
57070
57067
57065
57050
57025
57021
57018
56992
56985
56984
56981
56973
56966
56954
56940
56929
56927
56922
56908
56894
56892
56854
56849
56848
56845
56838
56813
56804
56796
56796
56775
56769
56765
56765
56759
56753
56741
56711
56707
56705
56696
56693
56680
56658
56658
56657
56656
56641
56627
56615
56609
56606
56585
56574
56560
56552
56509
56498
56486
56484
56456
56453
56442
56440
56431
56427
56415
56409
56404
56388
56381
56370
56361
56358
56350
56345
56334
56334
56326
56311
56305
56303
56301
56275
56272
56264
56260
56250
56248
56241
56235
56222
56210
56197
56188
56178
56147
56142
56141
56134
56116
56115
56109
56101
56093
56091
56073
56052
56052
56039
56030
56019
56010
56006
56001
55997
55968
55965
55959
55946
55937
55932
55917
55904
55900
55890
55882
55864
55846
55837
55825
55820
55810
55795
55795
55788
55769
55768
55758
55752
55752
55730
55727
55724
55723
55698
55688
55663
55635
55630
55617
55607
55593
55562
55544
55542
55531
55530
55517
55499
55498
55484
55446
55422
55418
55417
55413
55401
55374
55363
55348
55332
55325
55320
55313
55300
55289
55280
55269
55258
55257
55241
55236
55233
55228
55208
55202
55195
55194
55191
55170
55151
55150
55144
55136
55123
55110
55097
55093
55054
55040
55021
54996
54991
54987
54986
54985
54971
54964
54962
54957
54954
54950
54929
54924
54908
54908
54907
54894
54891
54889
54884
54880
54848
54846
54842
54808
54785
54782
54756
54739
54736
54736
54716
54715
54700
54696
54657
54649
54643
54641
54630
54626
54618
54613
54611
54603
54601
54570
54555
54548
54533
54522
54521
54507
54497
54496
54492
54491
54490
54488
54474
54468
54446
54426
54385
54364
54351
54344
54326
54325
54289
54276
54268
54258
54253
54240
54233
54221
54206
54184
54178
54157
54095
54084
54065
54052
54040
54014
54010
54006
54005
54003
53991
53982
53965
53959
53952
53951
53947
53942
53931
53919
53906
53900
53889
53885
53882
53879
53859
53858
53856
53842
53841
53841
53827
53813
53813
53809
53798
53796
53791
53789
53788
53784
53776
53773
53764
53757
53748
53721
53699
53698
53695
53673
53668
53654
53642
53623
53578
53574
53570
53568
53567
53550
53547
53526
53525
53511
53507
53493
53491
53480
53472
53457
53451
53444
53436
53428
53420
53399
53396
53365
53347
53346
53343
53339
53298
53288
53269
53268
53252
53248
53245
53220
53210
53207
53204
53195
53167
53165
53149
53134
53121
53100
53089
53087
53086
53084
53084
53079
53076
53069
53065
53043
53035
52986
52986
52972
52965
52961
52951
52941
52937
52931
52917
52907
52904
52900
52899
52893
52884
52864
52851
52850
52842
52836
52814
52796
52779
52773
52755
52744
52740
52736
52726
52720
52710
52708
52707
52705
52685
52668
52666
52664
52651
52648
52637
52636
52632
52625
52617
52614
52612
52604
52604
52596
52582
52559
52542
52537
52531
52517
52515
52512
52511
52495
52481
52475
52474
52470
52445
52437
52434
52429
52411
52396
52378
52376
52372
52365
52362
52359
52348
52281
52279
52271
52267
52261
52254
52232
52226
52217
52214
52207
52207
52195
52189
52175
52169
52153
52142
52119
52118
52107
52078
52075
52043
52036
52029
52023
52018
52012
52007
52004
52000
51964
51930
51921
51917
51909
51903
51899
51895
51894
51887
51880
51877
51856
51852
51850
51845
51843
51834
51831
51794
51788
51750
51718
51700
51697
51690
51682
51671
51667
51663
51646
51639
51637
51636
51630
51630
51629
51613
51605
51604
51604
51602
51589
51546
51530
51529
51486
51480
51467
51461
51450
51448
51438
51426
51415
51410
51404
51380
51379
51371
51362
51348
51323
51315
51278
51265
51252
51244
51231
51222
51216
51214
51183
51175
51150
51146
51135
51128
51124
51124
51089
51078
51077
51074
51056
51050
51043
51041
51036
51028
51011
50990
50981
50963
50953
50949
50940
50938
50935
50928
50921
50912
50908
50908
50901
50875
50858
50841
50831
50824
50813
50798
50796
50775
50747
50745
50725
50720
50715
50708
50694
50688
50687
50685
50683
50682
50672
50661
50657
50640
50640
50639
50638
50636
50608
50599
50598
50597
50583
50578
50577
50573
50573
50570
50553
50530
50516
50514
50500
50490
50482
50476
50450
50449
50446
50443
50425
50413
50401
50365
50359
50354
50344
50343
50340
50317
50302
50300
50296
50295
50293
50276
50268
50267
50255
50254
50221
50219
50211
50194
50184
50168
50125
50113
50098
50084
50071
50046
50040
50030
50028
50023
50021
50005
49980
49966
49959
49950
49943
49934
49933
49918
49893
49889
49880
49875
49855
49839
49834
49830
49821
49819
49816
49783
49775
49749
49742
49733
49723
49720
49710
49710
49708
49699
49697
49694
49678
49662
49646
49642
49637
49632
49626
49609
49604
49590
49579
49557
49546
49528
49495
49492
49484
49473
49470
49451
49431
49429
49425
49415
49411
49394
49366
49364
49361
49354
49322
49306
49298
49295
49292
49278
49274
49267
49265
49245
49223
49199
49184
49182
49163
49163
49163
49158
49157
49153
49149
49149
49139
49130
49129
49106
49105
49090
49086
49070
49066
49050
49044
49033
49023
49011
48937
48934
48930
48930
48925
48923
48907
48903
48898
48893
48889
48885
48874
48869
48865
48863
48849
48847
48843
48824
48821
48809
48787
48786
48786
48771
48769
48763
48756
48732
48708
48696
48696
48693
48681
48680
48657
48656
48653
48652
48650
48647
48630
48628
48625
48614
48610
48600
48599
48597
48590
48584
48569
48558
48518
48517
48516
48491
48487
48468
48459
48431
48389
48387
48387
48383
48380
48378
48366
48357
48350
48349
48341
48303
48293
48291
48287
48285
48248
48247
48243
48242
48226
48192
48166
48158
48097
48095
48058
48052
48036
48011
47996
47995
47991
47980
47978
47970
47968
47953
47951
47929
47929
47928
47893
47873
47871
47871
47866
47853
47825
47798
47797
47795
47780
47773
47767
47764
47764
47756
47755
47742
47736
47707
47701
47693
47678
47677
47671
47668
47665
47656
47650
47648
47648
47630
47624
47618
47610
47606
47602
47595
47586
47581
47562
47561
47559
47546
47513
47511
47507
47501
47496
47495
47483
47465
47420
47410
47403
47397
47380
47374
47371
47355
47344
47298
47292
47272
47216
47201
47200
47171
47169
47166
47159
47158
47154
47144
47139
47137
47088
47085
47073
47065
47062
47061
47032
47002
46966
46950
46945
46924
46908
46901
46899
46878
46875
46874
46873
46867
46859
46847
46830
46753
46753
46744
46716
46711
46674
46674
46661
46643
46640
46632
46619
46612
46609
46605
46575
46553
46551
46548
46547
46543
46536
46507
46506
46503
46464
46445
46444
46440
46439
46430
46411
46398
46390
46385
46373
46370
46367
46342
46338
46329
46300
46280
46264
46259
46251
46244
46207
46198
46186
46183
46178
46144
46136
46131
46120
46118
46101
46094
46073
46066
46055
46054
46038
46035
46027
46009
46009
46004
46001
45998
45991
45983
45974
45969
45968
45962
45959
45956
45945
45943
45911
45908
45896
45888
45868
45848
45836
45834
45834
45825
45804
45792
45790
45789
45783
45781
45771
45768
45767
45745
45743
45697
45684
45681
45681
45652
45621
45613
45592
45574
45572
45560
45557
45548
45533
45486
45476
45475
45464
45457
45452
45443
45437
45404
45382
45372
45365
45357
45344
45339
45339
45337
45335
45332
45317
45316
45314
45304
45294
45293
45278
45253
45227
45227
45225
45222
45201
45198
45188
45183
45173
45154
45147
45136
45136
45097
45094
45089
45084
45084
45080
45075
45064
45046
45029
45029
45024
45010
45009
44989
44972
44965
44939
44935
44933
44911
44908
44906
44868
44859
44850
44831
44831
44817
44815
44815
44811
44794
44788
44777
44762
44754
44754
44740
44734
44727
44710
44689
44688
44680
44677
44675
44671
44667
44662
44659
44657
44638
44632
44628
44598
44586
44577
44575
44568
44564
44558
44557
44555
44546
44528
44528
44522
44514
44489
44464
44462
44407
44405
44398
44393
44388
44387
44373
44361
44357
44347
44324
44314
44312
44311
44302
44291
44258
44249
44238
44235
44225
44224
44220
44209
44207
44201
44193
44145
44139
44125
44124
44122
44110
44103
44093
44092
44077
44067
44052
44033
44018
44011
43987
43957
43940
43938
43915
43911
43901
43871
43863
43854
43853
43844
43838
43832
43804
43797
43779
43776
43771
43761
43751
43746
43738
43736
43723
43704
43700
43696
43687
43676
43661
43648
43644
43627
43614
43612
43598
43597
43595
43593
43592
43580
43578
43575
43575
43564
43553
43543
43541
43540
43539
43537
43530
43519
43518
43516
43502
43501
43487
43484
43484
43476
43475
43469
43457
43436
43432
43430
43428
43419
43417
43415
43413
43406
43389
43381
43381
43369
43362
43353
43352
43341
43334
43318
43314
43310
43303
43275
43271
43269
43254
43242
43236
43224
43222
43215
43204
43194
43184
43178
43174
43168
43160
43159
43141
43135
43130
43129
43103
43095
43090
43080
43072
43070
43070
43069
43062
43061
43024
43015
43013
43008
42993
42970
42967
42962
42957
42938
42935
42916
42913
42911
42900
42863
42862
42847
42814
42811
42803
42793
42789
42784
42749
42745
42737
42734
42715
42705
42703
42698
42689
42680
42652
42624
42620
42612
42554
42532
42507
42497
42496
42494
42456
42441
42437
42431
42429
42416
42405
42402
42387
42385
42384
42375
42374
42363
42357
42350
42323
42315
42312
42303
42257
42251
42251
42248
42232
42231
42212
42207
42204
42190
42189
42186
42184
42177
42143
42142
42142
42140
42139
42134
42125
42124
42122
42118
42114
42095
42084
42077
42076
42069
42069
42059
42033
42029
42017
42005
41999
41996
41996
41980
41968
41950
41923
41916
41909
41902
41891
41888
41884
41866
41858
41847
41846
41845
41835
41830
41829
41817
41800
41791
41777
41776
41763
41749
41746
41744
41737
41735
41734
41733
41730
41729
41669
41658
41653
41615
41611
41584
41579
41576
41557
41551
41548
41546
41542
41539
41535
41534
41531
41520
41515
41502
41498
41484
41462
41457
41456
41435
41428
41428
41428
41411
41406
41394
41392
41378
41369
41369
41362
41356
41353
41341
41330
41310
41309
41306
41300
41292
41274
41268
41261
41253
41243
41243
41224
41207
41206
41194
41172
41157
41156
41150
41149
41125
41124
41082
41076
41070
41057
41054
41050
41047
41000
40997
40987
40987
40983
40980
40977
40965
40961
40942
40917
40917
40916
40909
40908
40905
40899
40898
40892
40890
40890
40888
40877
40877
40861
40856
40856
40833
40815
40806
40801
40793
40793
40771
40769
40767
40760
40751
40742
40712
40678
40664
40660
40641
40634
40630
40623
40616
40607
40599
40594
40562
40550
40525
40518
40518
40504
40503
40490
40467
40465
40464
40453
40445
40442
40433
40432
40428
40422
40403
40400
40397
40388
40379
40368
40356
40347
40342
40341
40338
40328
40327
40314
40278
40271
40251
40250
40245
40237
40224
40223
40221
40202
40193
40181
40170
40164
40132
40125
40096
40033
40028
40003
40002
39994
39990
39963
39924
39916
39915
39910
39909
39896
39894
39872
39863
39859
39854
39852
39850
39847
39807
39802
39800
39785
39782
39762
39752
39741
39732
39703
39689
39675
39667
39654
39651
39641
39628
39619
39612
39612
39603
39598
39598
39597
39570
39559
39552
39551
39538
39530
39530
39516
39509
39478
39478
39476
39472
39469
39466
39445
39420
39410
39408
39401
39392
39383
39360
39334
39327
39323
39310
39306
39285
39279
39265
39260
39254
39250
39248
39246
39239
39203
39203
39199
39156
39126
39099
39053
39051
39046
39036
39019
39015
39008
38990
38982
38977
38962
38961
38936
38926
38922
38919
38904
38898
38896
38886
38881
38858
38858
38854
38848
38843
38842
38834
38829
38822
38816
38814
38809
38788
38786
38761
38749
38748
38726
38719
38710
38700
38693
38691
38683
38682
38662
38659
38658
38645
38637
38632
38609
38591
38568
38560
38558
38557
38548
38532
38528
38508
38497
38488
38482
38475
38474
38458
38458
38455
38454
38453
38451
38445
38417
38399
38396
38388
38364
38363
38357
38347
38330
38329
38313
38288
38280
38256
38252
38239
38232
38231
38225
38196
38194
38193
38185
38184
38178
38167
38163
38162
38152
38138
38116
38116
38111
38103
38099
38095
38084
38057
38053
38049
38037
38026
38022
38022
38021
38011
38002
37986
37984
37983
37925
37913
37896
37895
37878
37878
37867
37862
37861
37856
37839
37837
37813
37812
37776
37762
37753
37731
37728
37727
37725
37723
37715
37709
37705
37694
37693
37662
37653
37640
37627
37609
37609
37606
37593
37589
37578
37578
37569
37545
37536
37529
37524
37521
37517
37515
37498
37493
37487
37474
37471
37463
37453
37449
37447
37446
37438
37428
37422
37409
37397
37381
37380
37379
37366
37352
37338
37325
37295
37291
37288
37275
37261
37241
37237
37220
37203
37184
37181
37168
37154
37146
37141
37136
37133
37127
37119
37112
37112
37108
37100
37098
37088
37079
37062
37061
37051
37049
37049
37032
37023
37016
37011
37006
37005
36991
36990
36955
36947
36924
36895
36893
36892
36888
36885
36866
36844
36843
36825
36799
36799
36791
36785
36780
36768
36763
36759
36753
36748
36725
36721
36688
36682
36677
36668
36665
36664
36662
36631
36606
36604
36602
36585
36561
36553
36538
36533
36512
36497
36495
36491
36482
36479
36474
36472
36463
36462
36461
36455
36442
36432
36430
36428
36426
36423
36414
36407
36406
36392
36386
36328
36322
36321
36309
36309
36285
36285
36281
36274
36269
36259
36236
36231
36186
36185
36182
36170
36167
36147
36143
36138
36130
36130
36128
36120
36110
36106
36100
36097
36084
36080
36052
36030
36018
35985
35977
35933
35925
35909
35897
35893
35886
35875
35872
35866
35843
35837
35791
35780
35773
35766
35748
35747
35740
35734
35717
35699
35695
35689
35687
35686
35684
35682
35649
35648
35633
35614
35613
35599
35598
35578
35575
35571
35563
35562
35558
35543
35541
35537
35511
35508
35483
35456
35455
35453
35433
35420
35400
35373
35358
35357
35351
35344
35341
35337
35332
35332
35328
35327
35321
35285
35281
35278
35268
35261
35238
35233
35232
35204
35162
35161
35149
35124
35097
35072
35068
35047
35040
35033
35020
35012
35004
34987
34979
34977
34944
34936
34920
34920
34914
34905
34904
34889
34881
34870
34854
34853
34845
34844
34826
34815
34809
34808
34787
34783
34782
34780
34778
34772
34763
34727
34721
34718
34702
34692
34670
34669
34648
34645
34645
34644
34624
34611
34610
34600
34598
34584
34562
34541
34520
34516
34511
34500
34480
34478
34470
34465
34438
34419
34413
34413
34409
34402
34399
34378
34367
34335
34304
34291
34283
34246
34243
34237
34232
34230
34223
34219
34208
34203
34198
34190
34185
34176
34174
34171
34165
34120
34118
34117
34106
34102
34081
34060
34056
34049
34049
34026
33997
33992
33990
33988
33986
33978
33972
33971
33917
33898
33895
33883
33870
33866
33866
33865
33852
33827
33824
33822
33819
33799
33794
33793
33779
33779
33778
33766
33754
33746
33732
33710
33710
33706
33693
33679
33673
33658
33657
33639
33632
33622
33605
33597
33596
33586
33583
33579
33555
33553
33547
33541
33527
33509
33503
33485
33456
33447
33432
33422
33421
33401
33399
33377
33370
33354
33336
33336
33325
33322
33315
33256
33241
33230
33220
33206
33193
33186
33176
33171
33146
33143
33135
33128
33114
33076
33070
33067
33065
33038
32999
32991
32989
32973
32962
32948
32935
32923
32917
32901
32891
32863
32857
32823
32809
32807
32805
32801
32800
32798
32796
32793
32788
32776
32770
32733
32719
32710
32689
32677
32672
32670
32665
32664
32660
32660
32650
32641
32639
32637
32614
32608
32601
32600
32575
32557
32529
32529
32528
32512
32501
32494
32451
32450
32436
32419
32412
32412
32401
32398
32395
32390
32385
32383
32380
32373
32336
32323
32290
32279
32274
32265
32265
32214
32168
32156
32156
32149
32136
32125
32120
32111
32071
32070
32059
32057
32048
32039
32030
32026
32008
32004
31999
31984
31981
31977
31974
31968
31961
31957
31951
31942
31908
31882
31861
31857
31833
31818
31801
31798
31794
31791
31785
31784
31767
31741
31725
31722
31702
31699
31697
31692
31680
31679
31673
31668
31660
31658
31630
31600
31589
31564
31558
31547
31546
31544
31543
31539
31523
31521
31520
31496
31468
31446
31441
31394
31393
31391
31390
31388
31368
31362
31359
31357
31356
31342
31312
31309
31273
31244
31231
31223
31212
31181
31176
31175
31165
31162
31143
31140
31133
31126
31124
31123
31122
31111
31072
31064
31051
31040
31033
31024
31020
30994
30982
30975
30972
30957
30929
30929
30923
30922
30900
30898
30880
30840
30840
30831
30830
30822
30818
30792
30792
30789
30778
30778
30756
30745
30707
30688
30685
30683
30670
30658
30656
30640
30615
30604
30589
30587
30583
30561
30559
30551
30493
30472
30470
30455
30445
30438
30435
30432
30428
30421
30409
30409
30408
30407
30404
30400
30384
30379
30377
30365
30352
30336
30333
30327
30319
30317
30312
30302
30280
30275
30274
30273
30255
30221
30213
30209
30193
30183
30183
30168
30161
30128
30111
30097
30091
30078
30074
30073
30073
30064
30062
30061
30052
30051
30042
30034
30022
30017
29982
29972
29964
29960
29921
29914
29912
29912
29910
29903
29887
29874
29869
29869
29854
29841
29833
29827
29820
29816
29808
29802
29785
29770
29748
29733
29723
29716
29713
29699
29685
29682
29679
29659
29640
29616
29613
29608
29577
29568
29568
29568
29562
29554
29546
29510
29502
29493
29493
29492
29491
29489
29487
29479
29469
29464
29449
29440
29437
29424
29420
29419
29418
29404
29365
29360
29359
29358
29348
29342
29340
29338
29330
29329
29325
29322
29318
29299
29288
29284
29280
29259
29257
29256
29247
29238
29225
29211
29198
29197
29195
29190
29181
29163
29160
29159
29156
29135
29132
29121
29119
29111
29110
29088
29083
29080
29073
29068
29067
29058
29048
29037
29022
29021
29016
29008
29002
28986
28977
28965
28935
28933
28922
28878
28877
28877
28860
28849
28826
28814
28808
28797
28780
28777
28776
28775
28762
28759
28753
28748
28736
28697
28689
28688
28682
28652
28626
28623
28593
28579
28577
28574
28563
28561
28559
28544
28528
28514
28507
28507
28497
28481
28479
28464
28459
28458
28437
28431
28431
28423
28400
28400
28382
28381
28374
28345
28338
28334
28329
28319
28318
28311
28310
28309
28305
28273
28260
28241
28228
28212
28184
28179
28174
28160
28157
28154
28148
28124
28123
28117
28107
28094
28074
28070
28057
28054
28051
28050
28046
28040
28026
28025
28022
28019
28013
28002
28000
27995
27993
27981
27974
27972
27971
27969
27951
27936
27929
27925
27905
27869
27868
27868
27866
27864
27863
27853
27849
27847
27828
27822
27818
27814
27802
27793
27779
27776
27769
27765
27753
27740
27735
27727
27710
27701
27700
27667
27641
27630
27588
27583
27578
27567
27558
27521
27518
27518
27504
27502
27493
27482
27465
27448
27441
27429
27428
27427
27406
27393
27382
27366
27353
27342
27337
27332
27331
27315
27307
27288
27272
27258
27226
27225
27206
27194
27190
27181
27161
27156
27148
27122
27119
27118
27102
27102
27100
27096
27090
27087
27084
27080
27069
27069
27063
27063
27057
27054
27035
27018
27011
27010
27002
26998
26998
26979
26956
26936
26934
26924
26917
26917
26897
26893
26872
26826
26823
26820
26813
26812
26801
26801
26794
26788
26784
26781
26773
26766
26755
26754
26753
26750
26749
26737
26700
26689
26686
26679
26674
26666
26662
26661
26655
26646
26641
26634
26629
26626
26613
26608
26605
26594
26591
26591
26589
26586
26583
26569
26550
26502
26498
26489
26450
26446
26437
26435
26413
26410
26405
26404
26391
26380
26343
26332
26327
26300
26273
26268
26248
26242
26241
26222
26203
26196
26187
26185
26183
26166
26143
26105
26098
26088
26077
26043
26006
26003
25999
25964
25941
25941
25926
25916
25901
25880
25874
25852
25829
25826
25820
25814
25812
25805
25801
25775
25758
25747
25744
25729
25726
25726
25724
25711
25692
25691
25689
25687
25660
25648
25640
25629
25611
25592
25590
25582
25580
25552
25548
25535
25526
25523
25521
25495
25494
25483
25473
25465
25459
25452
25425
25412
25399
25393
25388
25381
25369
25369
25359
25354
25343
25335
25334
25327
25325
25320
25291
25289
25284
25277
25264
25261
25260
25258
25253
25229
25228
25226
25225
25216
25215
25211
25205
25203
25185
25184
25183
25167
25151
25150
25136
25133
25121
25104
25042
25021
25020
25011
25002
24978
24971
24961
24954
24953
24944
24940
24923
24908
24895
24887
24880
24875
24869
24866
24851
24841
24833
24833
24829
24821
24804
24788
24774
24768
24767
24767
24752
24732
24727
24725
24716
24711
24709
24708
24706
24699
24681
24678
24671
24671
24660
24660
24651
24648
24633
24630
24615
24609
24607
24601
24583
24569
24569
24567
24541
24517
24499
24497
24483
24458
24432
24421
24419
24375
24374
24373
24363
24345
24336
24334
24327
24326
24326
24319
24311
24302
24255
24240
24218
24218
24200
24191
24187
24184
24172
24148
24145
24141
24137
24136
24131
24126
24096
24092
24091
24082
24081
24080
24080
24067
24065
24060
24060
24047
24028
24012
24008
23991
23949
23949
23948
23923
23922
23907
23885
23865
23847
23821
23814
23758
23753
23745
23718
23713
23698
23697
23697
23693
23691
23685
23664
23657
23657
23650
23640
23630
23611
23606
23598
23564
23555
23538
23505
23498
23498
23471
23466
23464
23459
23446
23431
23418
23405
23376
23372
23371
23368
23364
23358
23343
23340
23340
23329
23325
23305
23292
23292
23285
23269
23267
23266
23254
23248
23243
23243
23243
23240
23233
23218
23203
23195
23162
23161
23161
23160
23160
23157
23151
23147
23139
23131
23125
23110
23101
23101
23100
23092
23092
23078
23071
23060
23046
23039
23025
23016
23012
23006
22999
22994
22984
22978
22955
22953
22948
22934
22933
22920
22920
22910
22895
22894
22887
22886
22881
22879
22866
22863
22861
22860
22856
22854
22843
22838
22833
22832
22820
22806
22803
22780
22780
22760
22757
22750
22750
22732
22717
22716
22708
22704
22703
22687
22684
22650
22643
22625
22616
22611
22607
22584
22579
22561
22560
22531
22527
22503
22502
22498
22478
22454
22437
22435
22421
22415
22414
22413
22410
22406
22399
22397
22397
22382
22380
22378
22340
22335
22325
22299
22297
22273
22252
22241
22224
22224
22204
22181
22170
22134
22129
22109
22090
22089
22074
22066
22050
22045
22045
22032
22022
22006
21990
21978
21977
21966
21956
21942
21904
21898
21897
21890
21872
21870
21865
21863
21853
21848
21839
21835
21826
21795
21737
21729
21728
21715
21709
21691
21681
21677
21638
21632
21608
21599
21592
21579
21552
21532
21509
21485
21473
21454
21453
21442
21436
21435
21405
21383
21368
21367
21345
21339
21316
21306
21300
21291
21266
21261
21260
21259
21253
21253
21245
21240
21238
21235
21204
21182
21160
21151
21143
21138
21115
21114
21107
21100
21084
21076
21071
21046
21038
21034
21033
21032
21025
21015
21001
21001
20978
20925
20889
20871
20854
20852
20849
20849
20824
20824
20822
20798
20798
20785
20783
20776
20764
20755
20742
20738
20738
20735
20701
20698
20685
20675
20645
20643
20642
20642
20637
20607
20598
20589
20566
20548
20547
20528
20518
20517
20497
20492
20488
20471
20469
20467
20429
20409
20404
20404
20396
20395
20372
20348
20335
20333
20331
20329
20325
20323
20299
20295
20283
20276
20274
20255
20255
20242
20235
20227
20211
20210
20201
20199
20196
20178
20156
20121
20109
20093
20083
20077
20073
20071
20059
20046
20043
20035
20022
20011
19998
19989
19987
19983
19966
19922
19915
19891
19890
19889
19853
19849
19848
19826
19823
19821
19818
19813
19800
19797
19796
19795
19794
19793
19776
19768
19767
19763
19763
19759
19751
19751
19749
19747
19736
19728
19725
19719
19719
19711
19702
19682
19681
19653
19649
19627
19627
19623
19608
19555
19553
19546
19546
19545
19536
19523
19520
19519
19519
19505
19503
19492
19488
19488
19460
19454
19454
19436
19390
19361
19361
19360
19356
19349
19340
19335
19329
19321
19321
19316
19286
19266
19263
19255
19241
19237
19226
19215
19210
19165
19147
19141
19141
19135
19133
19122
19117
19099
19093
19082
19080
19073
19046
19011
19004
19004
18999
18990
18969
18965
18960
18953
18942
18932
18929
18926
18926
18919
18917
18908
18892
18879
18875
18823
18810
18797
18789
18787
18784
18757
18744
18734
18733
18727
18716
18711
18705
18691
18688
18662
18660
18642
18636
18636
18628
18626
18615
18585
18575
18554
18546
18543
18542
18537
18533
18527
18519
18514
18509
18501
18495
18464
18461
18457
18447
18443
18443
18431
18430
18414
18412
18407
18394
18369
18368
18362
18352
18328
18326
18296
18294
18292
18271
18254
18245
18242
18239
18235
18235
18234
18226
18217
18214
18214
18211
18209
18204
18203
18201
18201
18197
18195
18185
18183
18175
18155
18149
18143
18127
18125
18111
18110
18109
18104
18099
18089
18068
18065
18061
18061
18047
18037
18035
18016
18011
18000
17997
17985
17954
17944
17929
17928
17915
17914
17905
17902
17899
17879
17873
17870
17862
17862
17848
17845
17840
17803
17791
17789
17779
17777
17771
17762
17759
17750
17749
17746
17733
17725
17725
17708
17698
17689
17682
17681
17664
17662
17660
17655
17653
17645
17638
17622
17615
17612
17609
17607
17584
17583
17577
17562
17552
17543
17533
17521
17506
17503
17498
17494
17490
17483
17477
17477
17473
17459
17425
17407
17396
17394
17388
17354
17352
17316
17311
17310
17308
17301
17250
17207
17192
17179
17172
17172
17171
17168
17156
17136
17134
17121
17100
17089
17082
17080
17071
17050
17041
17029
17022
17020
17016
17015
17013
17012
17007
16990
16973
16971
16967
16947
16947
16944
16941
16936
16922
16919
16910
16901
16882
16879
16864
16853
16853
16851
16849
16841
16811
16808
16778
16766
16760
16746
16743
16707
16699
16681
16679
16677
16674
16661
16650
16647
16628
16607
16593
16585
16582
16581
16581
16575
16570
16562
16541
16541
16540
16531
16530
16510
16456
16451
16448
16439
16413
16411
16408
16399
16386
16381
16375
16363
16360
16356
16338
16308
16291
16289
16285
16284
16281
16268
16266
16248
16247
16238
16236
16216
16190
16186
16182
16171
16166
16162
16158
16152
16147
16139
16138
16132
16108
16099
16090
16065
16062
16053
16049
16045
16002
15996
15995
15990
15969
15949
15948
15946
15912
15907
15906
15902
15898
15891
15884
15881
15875
15861
15854
15852
15845
15832
15822
15812
15809
15805
15802
15792
15791
15789
15782
15782
15779
15775
15774
15771
15752
15748
15746
15741
15733
15727
15722
15716
15703
15696
15685
15679
15678
15674
15673
15659
15653
15650
15642
15635
15627
15615
15612
15588
15587
15586
15578
15572
15539
15538
15522
15519
15509
15499
15493
15487
15482
15472
15461
15460
15452
15441
15425
15425
15419
15415
15407
15404
15391
15382
15377
15376
15371
15369
15364
15363
15360
15331
15326
15317
15278
15272
15272
15251
15244
15239
15233
15222
15221
15208
15207
15206
15192
15180
15180
15177
15168
15163
15162
15159
15149
15088
15087
15080
15075
15065
15056
15050
15039
15012
15007
15006
15004
14994
14991
14983
14982
14974
14951
14949
14930
14926
14921
14908
14905
14902
14900
14878
14854
14849
14839
14835
14828
14827
14823
14823
14820
14818
14814
14795
14794
14781
14773
14748
14748
14740
14707
14705
14700
14647
14636
14636
14632
14623
14617
14613
14602
14576
14565
14558
14555
14545
14519
14499
14496
14468
14462
14454
14452
14413
14413
14406
14380
14377
14377
14362
14341
14335
14329
14329
14325
14317
14296
14287
14281
14268
14255
14225
14210
14202
14144
14141
14114
14109
14092
14051
14046
14044
14039
14013
13999
13981
13979
13973
13971
13966
13956
13951
13939
13927
13917
13913
13910
13908
13882
13874
13874
13869
13867
13862
13846
13844
13827
13814
13791
13788
13778
13777
13776
13772
13765
13763
13754
13746
13746
13734
13728
13722
13715
13713
13710
13708
13697
13694
13693
13692
13691
13676
13658
13644
13642
13633
13623
13619
13609
13595
13581
13577
13572
13567
13555
13551
13502
13496
13488
13470
13468
13407
13392
13383
13376
13365
13362
13344
13332
13330
13321
13310
13309
13301
13289
13262
13245
13214
13210
13198
13193
13191
13185
13178
13178
13172
13167
13164
13156
13138
13102
13096
13059
13048
13047
13030
13022
13017
13009
13003
13002
12973
12959
12954
12943
12939
12924
12923
12923
12912
12906
12894
12892
12881
12872
12861
12857
12856
12852
12841
12836
12831
12826
12817
12802
12801
12797
12793
12788
12781
12753
12752
12735
12732
12727
12708
12691
12682
12648
12636
12622
12611
12604
12604
12593
12560
12560
12558
12526
12520
12512
12494
12491
12480
12463
12425
12418
12413
12403
12393
12391
12353
12328
12324
12275
12268
12253
12237
12232
12226
12217
12192
12191
12187
12175
12161
12155
12133
12133
12132
12130
12105
12102
12087
12087
12054
12053
12007
12006
11995
11977
11975
11962
11954
11950
11940
11934
11931
11918
11918
11872
11870
11851
11836
11833
11827
11806
11803
11802
11796
11796
11789
11760
11755
11754
11711
11706
11697
11696
11674
11673
11671
11666
11660
11639
11636
11572
11561
11549
11547
11539
11533
11533
11514
11505
11502
11486
11465
11454
11429
11423
11418
11406
11405
11397
11393
11392
11370
11361
11356
11351
11349
11348
11343
11343
11336
11320
11302
11256
11249
11232
11215
11197
11193
11191
11188
11185
11155
11153
11140
11130
11106
11096
11094
11075
11068
11067
11059
11058
11058
11054
11050
11045
11036
11026
11021
10999
10992
10984
10950
10942
10940
10939
10937
10917
10892
10889
10888
10886
10879
10871
10867
10849
10843
10833
10824
10819
10815
10814
10810
10804
10774
10744
10725
10705
10701
10690
10679
10666
10650
10640
10635
10623
10614
10612
10605
10602
10601
10595
10558
10553
10538
10535
10529
10528
10524
10523
10509
10506
10500
10458
10444
10440
10428
10421
10419
10416
10414
10394
10394
10388
10387
10377
10374
10371
10365
10361
10355
10346
10345
10344
10330
10323
10313
10283
10271
10268
10229
10205
10202
10190
10169
10163
10160
10158
10133
10131
10128
10112
10102
10101
10097
10091
10069
10069
10066
10061
10042
10038
10021
10016
10009
9999
9997
9997
9977
9970
9959
9953
9950
9913
9908
9902
9896
9885
9883
9878
9868
9854
9842
9835
9814
9782
9779
9772
9762
9742
9738
9730
9729
9720
9706
9701
9688
9665
9653
9632
9618
9613
9612
9605
9604
9601
9593
9579
9579
9556
9553
9549
9541
9531
9524
9509
9496
9485
9451
9448
9446
9423
9395
9369
9360
9354
9352
9352
9330
9330
9302
9297
9294
9279
9269
9254
9241
9234
9233
9189
9179
9167
9160
9154
9153
9150
9149
9131
9109
9101
9098
9093
9090
9057
9053
9043
9033
9003
8988
8983
8961
8957
8950
8949
8949
8946
8924
8889
8848
8822
8822
8778
8775
8770
8754
8753
8744
8736
8735
8730
8703
8697
8694
8691
8683
8678
8664
8661
8635
8618
8584
8583
8573
8568
8548
8548
8543
8541
8538
8533
8530
8529
8496
8480
8471
8461
8455
8445
8441
8440
8440
8436
8435
8412
8393
8362
8361
8349
8345
8282
8282
8280
8277
8274
8274
8273
8248
8222
8211
8203
8202
8198
8198
8193
8172
8145
8110
8106
8104
8101
8097
8078
8067
8056
8055
8035
8035
8003
7987
7967
7954
7950
7944
7930
7917
7900
7894
7865
7819
7805
7749
7747
7719
7716
7716
7696
7690
7689
7683
7608
7607
7575
7559
7558
7554
7552
7523
7516
7513
7507
7500
7495
7472
7468
7466
7462
7462
7456
7454
7449
7449
7433
7432
7400
7386
7386
7372
7350
7347
7330
7323
7320
7307
7303
7294
7292
7286
7271
7265
7259
7257
7252
7238
7237
7236
7215
7209
7202
7197
7178
7163
7160
7156
7151
7148
7145
7132
7129
7103
7095
7089
7088
7087
7080
7079
7069
7061
7042
7041
7031
7026
7004
7001
6992
6967
6955
6954
6947
6946
6937
6924
6914
6869
6867
6857
6857
6856
6852
6847
6846
6834
6833
6819
6815
6815
6813
6809
6800
6789
6782
6770
6769
6754
6743
6709
6709
6692
6659
6652
6642
6630
6629
6592
6589
6588
6572
6553
6528
6493
6489
6485
6484
6466
6452
6449
6444
6425
6423
6415
6415
6397
6387
6383
6372
6363
6355
6335
6330
6321
6316
6306
6298
6291
6290
6253
6252
6249
6249
6247
6237
6213
6211
6209
6159
6143
6134
6125
6102
6102
6066
6062
6054
6039
6011
5975
5971
5961
5957
5957
5954
5943
5926
5911
5907
5904
5887
5887
5885
5879
5847
5841
5831
5829
5819
5806
5803
5802
5799
5777
5776
5772
5768
5750
5740
5721
5717
5709
5706
5706
5694
5668
5661
5653
5624
5619
5597
5589
5541
5530
5528
5523
5522
5521
5499
5491
5474
5446
5425
5405
5400
5395
5394
5387
5373
5351
5326
5298
5290
5286
5277
5276
5271
5260
5237
5233
5230
5210
5196
5194
5186
5175
5161
5153
5147
5135
5134
5133
5115
5114
5111
5100
5092
5086
5061
5057
5052
5049
5039
5035
5033
5029
5019
4998
4992
4980
4979
4974
4963
4962
4940
4925
4915
4911
4901
4891
4890
4871
4867
4866
4859
4857
4846
4843
4843
4842
4839
4835
4804
4798
4786
4786
4781
4779
4769
4754
4745
4744
4725
4715
4715
4671
4660
4645
4640
4638
4622
4616
4599
4593
4589
4572
4570
4554
4540
4523
4510
4509
4496
4494
4492
4475
4470
4462
4449
4435
4431
4426
4402
4399
4396
4391
4386
4345
4336
4323
4316
4311
4307
4299
4295
4294
4287
4247
4241
4232
4220
4193
4193
4185
4175
4165
4161
4147
4138
4136
4131
4123
4114
4111
4107
4098
4063
4061
4056
4047
4020
4019
4002
3987
3983
3962
3948
3945
3940
3939
3930
3929
3917
3876
3875
3854
3853
3848
3830
3826
3825
3814
3805
3801
3783
3768
3750
3743
3731
3726
3718
3691
3682
3674
3644
3620
3616
3607
3605
3597
3593
3592
3560
3537
3533
3530
3508
3500
3464
3461
3459
3449
3437
3404
3400
3375
3375
3373
3362
3344
3321
3317
3312
3306
3286
3236
3218
3210
3208
3202
3197
3197
3189
3174
3171
3150
3147
3142
3136
3130
3123
3117
3108
3085
3081
3055
3054
3053
3046
3028
3024
3024
3010
2991
2981
2934
2910
2906
2905
2901
2901
2890
2888
2872
2870
2867
2865
2860
2838
2837
2807
2799
2794
2782
2732
2716
2714
2697
2683
2682
2671
2668
2662
2657
2654
2643
2623
2618
2612
2608
2607
2600
2578
2569
2562
2561
2559
2558
2556
2556
2554
2540
2533
2518
2494
2491
2483
2455
2436
2432
2426
2425
2415
2400
2400
2393
2348
2342
2337
2336
2331
2328
2317
2313
2308
2297
2289
2281
2276
2271
2263
2258
2235
2234
2233
2229
2220
2201
2200
2199
2192
2185
2157
2154
2142
2141
2108
2051
2049
2042
2037
2003
1990
1959
1958
1941
1932
1931
1924
1899
1897
1888
1887
1884
1881
1880
1868
1863
1857
1856
1837
1820
1811
1811
1807
1802
1797
1794
1785
1769
1766
1761
1760
1739
1727
1719
1709
1687
1687
1676
1673
1657
1646
1642
1632
1619
1619
1613
1595
1592
1590
1585
1557
1552
1540
1535
1509
1492
1487
1474
1469
1464
1459
1446
1425
1423
1422
1409
1408
1407
1406
1395
1387
1386
1382
1349
1345
1329
1313
1299
1296
1283
1272
1259
1259
1228
1221
1213
1198
1189
1184
1180
1178
1162
1160
1146
1134
1132
1132
1128
1127
1126
1121
1121
1108
1084
1083
1072
1065
1047
1044
1031
1020
1014
999
997
994
993
992
985
974
962
942
936
920
920
885
884
880
840
836
813
811
804
798
781
758
757
740
731
721
703
697
681
677
662
650
614
599
577
534
528
500
498
495
461
458
458
458
453
439
436
429
424
417
407
399
391
382
362
348
336
311
276
264
224
222
222
215
201
191
189
168
166
159
146
140
114
88
49
47
42
35
33
30
28
15
2
